DATE,OPEN,CLOSE,HIGH,LOW,VOLUME
04-APR-2022,4557.0,4564.95,4583.3,4499.0,619577
01-APR-2022,4558.0,4506.9,4558.0,4455.1,827880
31-MAR-2022,4625.0,4516.1,4634.7,4500.85,1225845
30-MAR-2022,4677.0,4614.8,4693.7,4579.65,4839707
29-MAR-2022,4685.9,4613.75,4697.5,4599.05,778391
28-MAR-2022,4712.8,4658.6,4720.0,4600.05,524802
25-MAR-2022,4670.0,4683.2,4764.0,4622.4,968414
24-MAR-2022,4599.95,4628.55,4685.0,4558.6,719101
23-MAR-2022,4697.5,4608.2,4716.05,4595.6,896055
22-MAR-2022,4798.0,4677.6,4828.0,4471.85,1255679
21-MAR-2022,4875.0,4767.4,4914.9,4755.05,509842
17-MAR-2022,4947.0,4839.9,4998.0,4824.9,852493
16-MAR-2022,4893.6,4943.65,4957.15,4832.2,477521
15-MAR-2022,4949.95,4812.95,4999.0,4700.0,686998
14-MAR-2022,4890.0,4923.5,5016.55,4864.05,626924
11-MAR-2022,4748.0,4854.1,4863.0,4735.25,436703
10-MAR-2022,4805.6,4769.7,4819.0,4745.0,363906
09-MAR-2022,4779.0,4710.95,4814.9,4694.0,447387
08-MAR-2022,4660.0,4722.25,4740.0,4595.4,670238
07-MAR-2022,4620.0,4664.35,4732.8,4583.85,643012
04-MAR-2022,4880.0,4747.25,4889.4,4732.2,738388
03-MAR-2022,4880.0,4917.8,4969.0,4875.05,930907
02-MAR-2022,4827.0,4861.25,4903.95,4780.2,1194676
28-FEB-2022,4615.0,4802.8,4826.0,4571.2,1617666
25-FEB-2022,4570.0,4633.45,4747.6,4465.75,1187316
24-FEB-2022,4425.0,4381.95,4535.0,4351.05,814710
23-FEB-2022,4595.0,4610.8,4735.0,4590.5,755051
22-FEB-2022,4327.0,4576.05,4605.55,4300.0,833525
21-FEB-2022,4471.0,4426.65,4524.95,4390.65,392246
18-FEB-2022,4504.0,4471.55,4592.8,4462.55,388145
17-FEB-2022,4584.0,4564.7,4667.5,4550.0,520450
16-FEB-2022,4695.0,4584.8,4724.0,4555.05,584166
15-FEB-2022,4530.0,4663.4,4675.0,4501.9,791080
14-FEB-2022,4479.1,4486.35,4678.0,4402.75,1094132
11-FEB-2022,4610.0,4514.9,4613.45,4476.45,572726
10-FEB-2022,4576.05,4590.65,4623.0,4528.1,487802
09-FEB-2022,4514.7,4577.25,4587.0,4430.05,842211
08-FEB-2022,4497.5,4399.5,4529.7,4380.0,628869
07-FEB-2022,4687.4,4475.15,4724.55,4450.05,597040
04-FEB-2022,4640.0,4687.9,4794.0,4601.75,829635
03-FEB-2022,4667.95,4642.8,4704.75,4602.8,777217
02-FEB-2022,4530.0,4666.3,4683.0,4520.65,676206
01-FEB-2022,4478.8,4512.05,4532.25,4444.0,548762
31-JAN-2022,4584.0,4457.35,4584.0,4358.05,934551
28-JAN-2022,4346.0,4478.6,4565.0,4335.25,932049
27-JAN-2022,4427.0,4292.25,4427.0,4150.0,1244330
25-JAN-2022,4415.0,4486.0,4535.0,4250.1,917284
24-JAN-2022,4690.0,4498.15,4710.8,4462.25,737762
21-JAN-2022,4649.95,4691.65,4733.75,4544.85,1008450
20-JAN-2022,4525.0,4644.8,4725.0,4490.0,2747887
19-JAN-2022,4615.0,4515.95,4615.0,4400.0,2404880
18-JAN-2022,4900.0,4615.8,4909.9,4505.0,3507266
17-JAN-2022,4974.0,4911.75,4984.7,4900.0,337077
14-JAN-2022,4997.9,4974.05,5015.0,4930.0,207639
13-JAN-2022,5024.9,4983.35,5051.0,4953.15,457570
12-JAN-2022,5075.0,5014.4,5099.0,5005.65,360219
11-JAN-2022,5050.0,5059.05,5141.5,5020.3,742409
10-JAN-2022,5021.85,5065.25,5085.0,4963.0,542304
07-JAN-2022,4960.0,5021.85,5059.1,4958.0,549876
06-JAN-2022,4970.0,4964.45,5038.0,4905.0,585391
05-JAN-2022,4962.0,4973.25,5138.65,4922.0,966342
04-JAN-2022,5015.0,4964.6,5028.9,4921.1,369814
03-JAN-2022,5038.45,4990.5,5068.0,4978.85,310798
31-DEC-2021,4980.0,5013.4,5056.8,4953.0,504012
30-DEC-2021,4999.95,4970.75,5009.65,4940.0,617460
29-DEC-2021,4865.0,4976.6,4991.3,4833.0,861183
28-DEC-2021,4854.8,4844.2,4894.0,4810.2,348173
27-DEC-2021,4854.35,4840.05,4860.0,4755.0,315490
24-DEC-2021,4880.0,4842.5,4905.95,4823.75,348742
23-DEC-2021,4803.0,4877.55,4899.0,4786.55,582129
22-DEC-2021,4900.2,4775.55,4900.25,4750.0,779992
21-DEC-2021,4760.0,4847.6,4870.0,4695.05,1004676
20-DEC-2021,4780.0,4704.95,4824.0,4643.15,994682
17-DEC-2021,5200.0,4786.7,5200.0,4730.0,1133941
16-DEC-2021,5229.95,5204.3,5242.0,5143.0,265216
15-DEC-2021,5230.0,5192.55,5269.9,5170.05,377883
14-DEC-2021,5126.0,5212.0,5250.0,5065.05,1007056
13-DEC-2021,5286.7,5206.7,5329.0,5175.0,480443
10-DEC-2021,5265.0,5245.3,5328.4,5230.5,416165
09-DEC-2021,5370.0,5232.8,5386.0,5211.0,689987
08-DEC-2021,5313.0,5333.5,5367.0,5278.0,557196
07-DEC-2021,5299.8,5314.65,5435.25,5235.95,595254
06-DEC-2021,5467.0,5299.8,5468.0,5276.05,489242
03-DEC-2021,5592.95,5432.4,5654.65,5420.0,844674
02-DEC-2021,5625.75,5592.95,5809.0,5578.85,1236317
01-DEC-2021,5718.7,5571.0,5765.0,5531.7,835169
30-NOV-2021,5755.0,5687.75,5829.95,5629.6,1352746
29-NOV-2021,5770.0,5727.5,5858.0,5550.0,1189390
26-NOV-2021,5709.0,5687.6,5935.4,5627.45,2613669
25-NOV-2021,5400.0,5701.05,5750.0,5325.05,1575738
24-NOV-2021,5466.0,5397.2,5481.45,5305.1,697909
23-NOV-2021,5374.5,5454.25,5540.0,5350.0,763056
22-NOV-2021,5597.0,5419.5,5640.0,5313.0,1204625
18-NOV-2021,5733.95,5588.6,5843.8,5546.15,2165157
17-NOV-2021,5080.0,5733.95,5844.4,5075.15,6482125
16-NOV-2021,5080.0,5096.85,5205.0,5040.0,1118231
15-NOV-2021,4800.8,5080.95,5147.55,4800.8,3044498
12-NOV-2021,4612.9,4669.5,4688.0,4571.15,423439
11-NOV-2021,4545.1,4567.25,4728.1,4527.05,1110123
10-NOV-2021,4522.1,4552.85,4584.0,4480.0,359967
09-NOV-2021,4454.0,4532.9,4555.55,4420.0,547476
08-NOV-2021,4438.6,4405.35,4475.0,4378.0,285968
04-NOV-2021,4448.0,4438.55,4478.0,4419.85,69818
03-NOV-2021,4317.0,4438.6,4449.95,4300.05,667752
02-NOV-2021,4340.0,4289.9,4395.0,4270.55,389193
01-NOV-2021,4281.2,4336.6,4350.0,4258.0,239375
29-OCT-2021,4289.5,4262.05,4349.0,4161.05,705546
28-OCT-2021,4277.8,4289.5,4314.0,4225.0,537955
27-OCT-2021,4278.8,4276.55,4325.1,4215.15,623848
26-OCT-2021,4164.0,4267.95,4308.5,4135.55,790450
25-OCT-2021,4045.4,4164.0,4250.9,3955.0,1151030
22-OCT-2021,4155.5,4028.4,4189.45,4002.35,347114
21-OCT-2021,4187.0,4134.85,4234.9,4075.25,698306
20-OCT-2021,4301.05,4146.75,4317.35,4135.0,510321
19-OCT-2021,4352.0,4301.05,4387.65,4226.65,285362
18-OCT-2021,4449.0,4330.4,4449.0,4321.65,345049
14-OCT-2021,4403.95,4328.4,4429.75,4312.35,436160
13-OCT-2021,4385.0,4377.5,4409.0,4340.0,302343
12-OCT-2021,4349.0,4351.3,4407.05,4293.3,612692
11-OCT-2021,4401.1,4377.15,4422.95,4360.0,331320
08-OCT-2021,4459.0,4379.25,4459.0,4365.6,269607
07-OCT-2021,4410.0,4428.3,4468.0,4381.0,276775
06-OCT-2021,4495.0,4378.75,4509.0,4356.0,480575
05-OCT-2021,4571.0,4482.4,4576.85,4469.05,425555
04-OCT-2021,4459.9,4548.25,4565.0,4440.85,535335
01-OCT-2021,4481.6,4459.4,4520.0,4435.0,534563
30-SEP-2021,4445.0,4481.6,4500.65,4383.65,808446
29-SEP-2021,4420.0,4423.5,4507.1,4400.0,571896
28-SEP-2021,4580.0,4411.05,4629.9,4376.0,1051440
27-SEP-2021,4748.8,4565.55,4771.0,4464.1,1885178
24-SEP-2021,5156.1,4731.8,5198.0,4711.55,1949974
23-SEP-2021,4931.4,5084.2,5134.0,4905.0,696944
22-SEP-2021,4925.0,4904.9,5010.0,4869.9,562041
21-SEP-2021,4858.0,4891.6,4918.95,4790.15,462221
20-SEP-2021,4864.0,4878.1,4952.55,4781.7,434640
17-SEP-2021,4875.0,4908.25,4945.5,4864.45,814867
16-SEP-2021,4819.0,4880.75,4890.0,4792.05,779552
15-SEP-2021,4750.0,4792.05,4819.2,4686.55,659281
14-SEP-2021,4773.0,4732.45,4773.0,4696.7,528943
13-SEP-2021,4735.0,4745.85,4796.0,4681.35,1151299
09-SEP-2021,4815.7,4719.55,4820.0,4685.0,838279
08-SEP-2021,4900.0,4811.4,4901.45,4792.1,642506
07-SEP-2021,5020.4,4877.05,5023.0,4860.0,479021
06-SEP-2021,5029.0,4995.5,5040.0,4972.0,439776
03-SEP-2021,5054.0,5014.55,5073.3,4967.0,567961
02-SEP-2021,5039.05,5043.5,5122.0,5013.0,900686
01-SEP-2021,4985.0,5039.05,5071.8,4945.3,841956
31-AUG-2021,4766.1,4969.55,5046.0,4766.1,2883159
30-AUG-2021,4790.2,4757.55,4828.0,4721.6,632354
27-AUG-2021,4717.1,4765.1,4832.0,4676.35,937887
26-AUG-2021,4776.45,4700.4,4780.0,4646.4,800419
25-AUG-2021,4865.0,4771.65,4880.0,4750.0,469002
24-AUG-2021,4820.0,4840.75,4888.95,4750.65,1576663
23-AUG-2021,4780.0,4743.25,4839.65,4720.2,699991
20-AUG-2021,4719.0,4746.5,4934.7,4697.2,2331020
18-AUG-2021,4850.0,4787.9,4963.0,4762.05,2941548
17-AUG-2021,4345.0,4920.5,4974.0,4332.25,8069431
16-AUG-2021,4146.0,4345.1,4374.5,4125.15,3709012
13-AUG-2021,4144.95,4064.1,4145.75,4038.2,553736
12-AUG-2021,4027.0,4133.1,4142.95,3975.35,556973
11-AUG-2021,4065.0,4026.35,4083.15,3915.0,831738
10-AUG-2021,4024.0,4062.8,4086.8,4000.0,364246
09-AUG-2021,4109.0,4003.7,4111.0,3990.0,431991
06-AUG-2021,4089.8,4088.05,4178.05,4073.2,717143
05-AUG-2021,4084.8,4073.75,4111.7,4036.0,270458
04-AUG-2021,4110.8,4066.4,4128.6,4052.65,305863
03-AUG-2021,4090.6,4092.7,4225.0,4064.05,981680
02-AUG-2021,4059.65,4048.15,4092.95,4035.05,344295
30-JUL-2021,4031.0,4035.0,4086.45,4007.5,627367
29-JUL-2021,4040.0,4038.75,4054.55,3993.2,449417
28-JUL-2021,4100.0,4028.4,4100.0,3985.5,455244
27-JUL-2021,4120.9,4078.25,4189.65,4050.45,859687
26-JUL-2021,3937.0,4100.35,4158.8,3930.0,1982531
23-JUL-2021,3985.3,3918.9,3999.75,3913.0,335985
22-JUL-2021,3890.0,3985.3,4004.0,3890.0,760359
20-JUL-2021,3890.0,3882.95,3908.0,3817.3,357815
19-JUL-2021,3779.1,3883.75,3919.95,3765.0,1044561
16-JUL-2021,3762.35,3779.1,3787.0,3742.4,226565
15-JUL-2021,3774.85,3762.35,3798.0,3750.55,399845
14-JUL-2021,3754.0,3754.8,3775.0,3708.9,395272
13-JUL-2021,3768.0,3750.3,3769.95,3721.0,246112
12-JUL-2021,3745.0,3747.4,3788.8,3730.1,464757
09-JUL-2021,3673.0,3725.9,3744.0,3673.0,469932
08-JUL-2021,3700.0,3671.4,3720.0,3657.0,459811
07-JUL-2021,3715.0,3715.6,3757.8,3697.6,466002
06-JUL-2021,3717.9,3706.25,3750.75,3696.0,344090
05-JUL-2021,3760.0,3718.1,3762.95,3702.7,444545
02-JUL-2021,3701.0,3733.2,3744.9,3667.0,573795
01-JUL-2021,3619.85,3678.45,3696.95,3595.0,876022
30-JUN-2021,3617.0,3619.85,3659.85,3582.6,1291906
29-JUN-2021,3420.0,3591.15,3604.95,3420.0,2268589
28-JUN-2021,3447.85,3454.15,3490.0,3402.2,1213113
25-JUN-2021,3253.25,3439.0,3465.0,3222.25,3717669
24-JUN-2021,3229.9,3203.25,3281.65,3141.75,1754163
23-JUN-2021,3274.95,3244.8,3274.95,3212.0,504942
22-JUN-2021,3238.0,3258.2,3302.95,3230.1,567861
21-JUN-2021,3195.0,3238.0,3252.0,3181.0,200280
18-JUN-2021,3235.0,3221.5,3253.0,3162.55,520516
17-JUN-2021,3257.0,3240.6,3282.95,3225.2,356502
16-JUN-2021,3310.0,3294.2,3325.0,3278.0,419575
15-JUN-2021,3355.0,3298.3,3356.95,3295.0,461588
14-JUN-2021,3345.0,3350.2,3360.0,3285.0,317756
11-JUN-2021,3342.35,3336.55,3346.0,3301.7,277612
10-JUN-2021,3322.45,3325.7,3345.0,3297.05,749909
09-JUN-2021,3290.0,3305.9,3331.6,3251.0,587528
08-JUN-2021,3299.0,3289.45,3312.5,3255.6,766456
07-JUN-2021,3380.15,3315.3,3380.15,3308.0,526855
04-JUN-2021,3425.35,3380.15,3428.65,3375.0,380548
03-JUN-2021,3271.0,3425.65,3435.0,3267.05,1098294
02-JUN-2021,3244.3,3273.6,3301.0,3220.0,843219
01-JUN-2021,3190.0,3239.8,3249.0,3160.85,706976
31-MAY-2021,3145.0,3168.75,3186.3,3125.0,635444
28-MAY-2021,3199.0,3149.35,3207.0,3140.0,555829
27-MAY-2021,3186.5,3199.0,3223.6,3153.6,1084157
26-MAY-2021,3205.0,3183.6,3220.0,3178.1,260821
25-MAY-2021,3266.25,3199.65,3267.0,3170.65,622276
24-MAY-2021,3248.0,3261.1,3285.0,3240.15,611909
21-MAY-2021,3246.4,3247.75,3259.4,3225.0,471439
20-MAY-2021,3245.9,3219.95,3272.75,3214.0,752076
19-MAY-2021,3180.2,3229.7,3236.1,3161.7,711069
18-MAY-2021,3174.0,3163.5,3188.45,3140.0,639445
17-MAY-2021,3147.0,3152.35,3189.95,3115.1,847722
14-MAY-2021,3200.0,3140.95,3211.75,3095.35,842794
12-MAY-2021,3274.9,3196.75,3274.9,3185.6,703372
11-MAY-2021,3315.0,3258.2,3315.0,3245.25,670759
10-MAY-2021,3315.0,3323.7,3342.6,3261.6,627199
07-MAY-2021,3347.15,3310.85,3397.0,3302.0,774478
06-MAY-2021,3357.85,3347.15,3385.9,3300.7,1124908
05-MAY-2021,3199.8,3332.9,3357.0,3176.15,1679977
04-MAY-2021,3233.15,3181.25,3243.25,3166.4,581864
03-MAY-2021,3208.8,3204.3,3221.8,3140.0,728281
30-APR-2021,3256.0,3197.5,3310.0,3182.8,906562
29-APR-2021,3199.25,3238.9,3260.0,3199.25,589707
28-APR-2021,3210.0,3199.25,3249.0,3182.6,575824
27-APR-2021,3200.0,3191.05,3205.0,3157.8,505348
26-APR-2021,3230.35,3174.65,3253.0,3152.0,557667
23-APR-2021,3258.0,3200.05,3299.0,3171.0,1030125
22-APR-2021,3269.0,3228.95,3334.1,3217.25,1307224
20-APR-2021,3210.0,3269.65,3309.0,3181.75,2575420
19-APR-2021,3038.0,3157.4,3243.15,3005.65,3552506
16-APR-2021,2999.75,3061.0,3073.0,2994.0,622872
15-APR-2021,3037.0,2993.5,3038.95,2902.3,692875
13-APR-2021,3032.35,2980.75,3061.9,2951.0,544916
12-APR-2021,3119.0,3004.75,3119.0,2979.05,961549
09-APR-2021,3147.5,3132.15,3164.15,3105.9,934037
08-APR-2021,3134.8,3114.6,3144.2,3089.4,800699
07-APR-2021,2999.0,3097.8,3115.0,2998.75,1240450
06-APR-2021,2939.0,2983.55,3015.0,2927.2,1015604
05-APR-2021,2922.0,2919.5,3015.0,2886.0,1241115
01-APR-2021,2886.35,2894.05,2913.95,2843.4,842489
31-MAR-2021,2901.0,2902.65,2927.95,2882.05,665173
30-MAR-2021,2902.5,2925.6,2970.9,2875.0,1420415
26-MAR-2021,2840.0,2851.7,2905.0,2819.0,918204
25-MAR-2021,2927.0,2809.35,2993.0,2787.5,1001626
24-MAR-2021,2957.85,2919.6,2976.85,2904.05,627981
23-MAR-2021,2917.9,2946.75,2967.8,2896.85,630061
22-MAR-2021,2913.0,2905.1,2944.25,2875.0,488626
19-MAR-2021,2954.0,2934.6,2982.85,2887.25,2288304
18-MAR-2021,3026.0,2958.7,3065.0,2922.0,789785
17-MAR-2021,3080.0,2997.4,3082.3,2970.0,740599
16-MAR-2021,3002.0,3073.25,3080.0,2990.8,1081398
15-MAR-2021,2998.0,2996.6,3025.0,2915.0,918721
12-MAR-2021,2931.1,2976.35,3031.0,2927.5,1512021
10-MAR-2021,2910.0,2904.1,2924.95,2880.75,432551
09-MAR-2021,2870.5,2886.1,2926.95,2826.7,883183
08-MAR-2021,2901.0,2866.6,2935.85,2846.75,952087
05-MAR-2021,3000.0,2879.5,3017.75,2870.0,1486110
04-MAR-2021,3058.0,3042.1,3081.3,3017.0,687383
03-MAR-2021,3115.1,3057.0,3119.5,3049.4,536623
02-MAR-2021,3105.5,3087.3,3152.0,3067.4,944553
01-MAR-2021,3039.05,3081.15,3098.0,3007.55,678218
26-FEB-2021,3070.0,3058.65,3173.95,3020.65,2103433
25-FEB-2021,3101.0,3091.35,3139.95,3057.9,819639
24-FEB-2021,3015.0,3059.65,3120.0,3000.05,1088420
23-FEB-2021,2945.2,2996.75,3052.5,2937.5,1465930
22-FEB-2021,2918.45,2929.55,2967.9,2866.9,1246303
19-FEB-2021,3090.1,2919.95,3109.25,2896.0,2037556
18-FEB-2021,3225.5,3106.75,3237.8,3094.0,1477343
17-FEB-2021,3177.0,3235.0,3284.0,3177.0,2081001
16-FEB-2021,3089.0,3202.75,3253.55,3047.0,4381584
15-FEB-2021,2777.0,3090.65,3127.0,2760.45,4446974
12-FEB-2021,2768.0,2748.1,2790.0,2726.1,693562
11-FEB-2021,2760.0,2756.5,2779.5,2730.0,581642
10-FEB-2021,2813.85,2756.5,2828.0,2745.65,745906
09-FEB-2021,2746.5,2789.3,2836.6,2738.1,1052950
08-FEB-2021,2741.0,2730.25,2780.0,2725.0,564043
05-FEB-2021,2740.0,2738.6,2783.0,2687.65,941316
04-FEB-2021,2730.0,2731.65,2747.9,2686.0,455213
03-FEB-2021,2714.9,2720.7,2808.15,2704.0,1286454
02-FEB-2021,2679.5,2705.15,2745.0,2678.0,607131
01-FEB-2021,2590.0,2663.5,2676.55,2528.1,879244
29-JAN-2021,2622.6,2561.25,2676.5,2551.0,921579
28-JAN-2021,2594.0,2622.4,2699.5,2580.55,1410605
27-JAN-2021,2698.0,2600.4,2749.65,2587.25,1665899
25-JAN-2021,2610.85,2686.9,2708.0,2610.85,1764152
22-JAN-2021,2590.05,2597.9,2652.0,2567.1,1194708
21-JAN-2021,2675.0,2585.05,2685.0,2574.4,994932
20-JAN-2021,2645.25,2675.8,2682.85,2643.25,1064146
19-JAN-2021,2618.5,2645.5,2659.0,2580.0,1202289
18-JAN-2021,2599.5,2609.25,2630.85,2547.05,1572820
15-JAN-2021,2520.0,2592.35,2613.7,2510.1,1941813
14-JAN-2021,2481.9,2512.0,2528.9,2475.0,603193
13-JAN-2021,2528.0,2479.2,2537.75,2437.75,662618
12-JAN-2021,2559.0,2517.25,2585.0,2508.2,500012
11-JAN-2021,2564.75,2550.55,2591.85,2524.5,422296
08-JAN-2021,2533.9,2553.5,2579.0,2515.7,862326
07-JAN-2021,2502.15,2508.55,2564.0,2500.0,1014690
06-JAN-2021,2522.0,2502.15,2538.85,2481.0,1108589
05-JAN-2021,2405.0,2509.45,2515.85,2385.8,1720467
04-JAN-2021,2418.1,2409.25,2429.0,2398.25,527018
01-JAN-2021,2405.5,2414.85,2430.0,2395.0,423934
31-DEC-2020,2390.1,2412.8,2428.0,2385.0,855723
30-DEC-2020,2382.85,2396.35,2404.0,2351.2,569168
29-DEC-2020,2403.0,2376.5,2415.6,2371.0,585199
28-DEC-2020,2425.5,2388.8,2429.45,2375.5,784636
24-DEC-2020,2435.0,2413.05,2452.85,2405.3,543157
23-DEC-2020,2390.0,2433.8,2460.9,2390.0,1093766
22-DEC-2020,2340.0,2408.35,2425.0,2251.0,1249868
21-DEC-2020,2385.0,2335.45,2434.0,2304.7,1241568
18-DEC-2020,2405.0,2387.75,2428.0,2367.15,1065060
17-DEC-2020,2395.0,2404.5,2423.0,2380.25,1184865
16-DEC-2020,2369.0,2389.7,2411.25,2360.0,948217
15-DEC-2020,2361.0,2355.2,2392.6,2335.0,1060707
14-DEC-2020,2375.8,2356.8,2390.35,2347.0,800654
11-DEC-2020,2403.6,2359.9,2413.0,2345.0,1654915
10-DEC-2020,2454.95,2393.05,2454.95,2370.0,1121002
09-DEC-2020,2505.15,2442.7,2520.0,2433.0,1650915
08-DEC-2020,2466.0,2450.45,2505.0,2415.75,1412683
07-DEC-2020,2434.65,2432.7,2468.55,2418.05,778998
04-DEC-2020,2400.0,2434.65,2445.0,2400.0,1219317
03-DEC-2020,2501.0,2389.9,2501.05,2371.9,1745381
02-DEC-2020,2474.7,2411.55,2485.05,2375.45,1611325
01-DEC-2020,2384.0,2463.0,2508.85,2349.05,2001392
27-NOV-2020,2314.95,2347.9,2375.0,2298.0,8998610
26-NOV-2020,2256.45,2304.35,2318.0,2244.0,1207176
25-NOV-2020,2335.5,2241.5,2355.0,2236.35,1501778
24-NOV-2020,2382.65,2313.35,2423.4,2296.85,2018323
23-NOV-2020,2374.0,2375.35,2402.85,2328.5,1693126
20-NOV-2020,2335.0,2349.6,2398.65,2324.7,2144949
19-NOV-2020,2288.7,2299.05,2415.0,2277.0,2584654
18-NOV-2020,2291.15,2288.7,2328.6,2282.3,1036844
17-NOV-2020,2284.0,2307.35,2341.6,2266.05,1832334
14-NOV-2020,2275.0,2284.65,2323.5,2270.05,325596
13-NOV-2020,2121.05,2265.8,2314.0,2111.5,4605948
12-NOV-2020,2155.0,2110.45,2205.2,2094.0,2435538
11-NOV-2020,2063.0,2195.35,2208.75,2050.0,3735087
10-NOV-2020,2090.0,2033.4,2090.0,1986.0,2804380
09-NOV-2020,2099.8,2084.4,2109.5,2029.15,1534921
06-NOV-2020,2128.0,2085.9,2168.45,2062.55,1290149
05-NOV-2020,2132.05,2122.6,2139.55,2104.5,466474
04-NOV-2020,2113.0,2103.6,2148.0,2088.0,725363
03-NOV-2020,2085.0,2111.35,2159.8,2079.9,1528660
02-NOV-2020,2138.1,2069.3,2148.75,2065.0,637352
30-OCT-2020,2087.95,2119.45,2144.75,2077.95,1071769
29-OCT-2020,2077.9,2085.85,2100.0,2061.0,606805
28-OCT-2020,2107.85,2079.3,2132.05,2066.0,958989
27-OCT-2020,2079.45,2118.65,2147.0,2034.6,1429731
26-OCT-2020,2079.0,2052.3,2111.0,2024.15,1236009
23-OCT-2020,2098.2,2075.0,2107.05,2052.6,1124867
22-OCT-2020,2149.5,2101.7,2170.75,2092.55,1391949
21-OCT-2020,2225.0,2149.5,2231.45,2135.7,1473524
20-OCT-2020,2214.8,2212.25,2225.0,2176.1,869774
19-OCT-2020,2224.3,2212.1,2241.0,2186.05,760641
16-OCT-2020,2210.0,2210.55,2219.0,2175.0,1036110
15-OCT-2020,2244.0,2182.6,2290.0,2175.0,2782525
14-OCT-2020,2265.0,2227.7,2273.95,2210.2,1405987
13-OCT-2020,2282.25,2254.45,2292.5,2246.2,939023
12-OCT-2020,2231.0,2273.65,2333.0,2231.0,2053058
09-OCT-2020,2244.9,2277.1,2314.0,2236.35,2181213
08-OCT-2020,2190.0,2248.65,2256.9,2187.85,1899347
07-OCT-2020,2119.7,2173.1,2188.4,2097.0,1470504
06-OCT-2020,2142.5,2125.8,2155.85,2103.8,903168
05-OCT-2020,2095.0,2126.75,2157.0,2068.1,1594712
01-OCT-2020,2151.0,2089.75,2158.95,2076.5,1224430
30-SEP-2020,2104.0,2148.05,2168.0,2086.1,2025635
29-SEP-2020,2059.9,2085.2,2114.95,2055.05,2160714
28-SEP-2020,2035.0,2059.9,2097.0,1999.1,2422864
25-SEP-2020,1967.15,2027.65,2047.0,1920.6,3665739
24-SEP-2020,1824.0,1947.65,1974.0,1795.2,5742873
23-SEP-2020,1792.0,1817.8,1834.85,1760.15,1421475
22-SEP-2020,1842.95,1789.15,1842.95,1763.0,1384803
21-SEP-2020,1824.05,1831.55,1900.0,1810.95,2220745
18-SEP-2020,1777.1,1828.45,1871.95,1774.05,3235148
17-SEP-2020,1695.25,1777.1,1787.0,1683.4,2006191
16-SEP-2020,1692.95,1688.9,1738.4,1678.05,2077987
15-SEP-2020,1601.05,1672.85,1698.55,1601.05,2802668
14-SEP-2020,1637.9,1623.7,1653.2,1590.15,1094575
11-SEP-2020,1614.0,1611.8,1648.65,1595.05,867578
10-SEP-2020,1600.0,1608.9,1615.0,1585.05,936898
09-SEP-2020,1636.0,1606.45,1688.15,1600.8,1000784
08-SEP-2020,1659.95,1651.65,1685.9,1630.85,710353
07-SEP-2020,1654.0,1649.25,1667.9,1620.4,443361
04-SEP-2020,1685.0,1649.9,1689.75,1643.0,456852
03-SEP-2020,1703.15,1698.95,1717.0,1688.5,588865
02-SEP-2020,1687.7,1698.65,1708.4,1670.0,1098000
01-SEP-2020,1635.0,1670.85,1695.0,1626.1,1106516
31-AUG-2020,1670.0,1634.55,1676.95,1622.0,626908
28-AUG-2020,1653.8,1661.95,1675.9,1647.55,548815
27-AUG-2020,1656.0,1650.0,1679.95,1638.2,476295
26-AUG-2020,1664.45,1651.2,1664.45,1635.2,748789
25-AUG-2020,1691.0,1664.45,1716.5,1658.65,682054
24-AUG-2020,1695.5,1690.55,1700.0,1675.4,525588
21-AUG-2020,1715.0,1677.5,1749.0,1665.65,1091794
20-AUG-2020,1679.0,1693.2,1704.0,1672.0,455458
19-AUG-2020,1710.0,1685.0,1718.25,1682.0,606463
18-AUG-2020,1704.4,1697.15,1716.8,1678.8,639935
17-AUG-2020,1715.0,1704.4,1727.25,1686.0,479355
14-AUG-2020,1735.0,1707.35,1750.0,1687.5,765905
13-AUG-2020,1725.0,1725.1,1777.9,1711.5,1005175
12-AUG-2020,1750.75,1707.0,1753.65,1703.1,804252
11-AUG-2020,1790.0,1750.75,1797.95,1738.5,697840
10-AUG-2020,1758.95,1785.15,1798.0,1754.0,1082244
07-AUG-2020,1700.55,1743.2,1753.0,1700.55,1570380
06-AUG-2020,1688.5,1693.45,1740.0,1654.2,1406193
05-AUG-2020,1666.9,1676.25,1715.0,1658.0,1857434
04-AUG-2020,1570.0,1653.95,1667.05,1568.05,2098362
03-AUG-2020,1670.0,1574.35,1703.15,1567.1,2067454
31-JUL-2020,1717.05,1674.6,1717.05,1643.5,885944
30-JUL-2020,1637.5,1716.15,1728.0,1631.15,2000510
29-JUL-2020,1599.2,1641.3,1649.4,1581.0,1522678
28-JUL-2020,1518.4,1599.2,1609.3,1511.0,1886398
27-JUL-2020,1519.0,1508.35,1531.65,1492.05,442730
24-JUL-2020,1536.95,1512.05,1549.35,1496.05,1481040
23-JUL-2020,1485.0,1531.3,1535.0,1478.4,1015614
22-JUL-2020,1500.0,1481.15,1507.05,1468.25,477433
21-JUL-2020,1500.9,1500.1,1520.0,1495.0,731642
20-JUL-2020,1507.8,1485.1,1517.65,1465.25,1032827
17-JUL-2020,1436.7,1499.2,1507.0,1436.7,1195304
16-JUL-2020,1469.95,1436.6,1491.95,1427.55,1040680
15-JUL-2020,1450.1,1465.25,1469.85,1440.1,821199
14-JUL-2020,1425.95,1441.75,1455.0,1418.6,846731
13-JUL-2020,1414.95,1431.45,1442.9,1406.55,769109
10-JUL-2020,1400.0,1402.45,1439.2,1396.75,722285
09-JUL-2020,1405.0,1404.0,1418.0,1390.35,534663
08-JUL-2020,1427.0,1393.85,1431.0,1387.2,931697
07-JUL-2020,1408.0,1419.25,1426.0,1395.0,750569
06-JUL-2020,1384.8,1410.05,1412.85,1381.6,684309
03-JUL-2020,1372.0,1379.8,1401.0,1366.0,1034372
02-JUL-2020,1330.0,1362.55,1367.9,1326.25,1095777
01-JUL-2020,1350.0,1319.65,1353.55,1311.0,1066672
30-JUN-2020,1377.0,1349.85,1384.45,1344.0,759371
29-JUN-2020,1381.0,1365.05,1405.55,1359.25,911363
26-JUN-2020,1453.0,1388.15,1480.0,1376.3,3862488
25-JUN-2020,1411.8,1437.5,1444.0,1405.5,872301
24-JUN-2020,1424.0,1411.8,1440.0,1401.0,681132
23-JUN-2020,1408.0,1416.1,1422.0,1394.4,630605
22-JUN-2020,1380.0,1398.3,1408.75,1371.65,758535
19-JUN-2020,1357.0,1370.7,1384.0,1350.15,894818
18-JUN-2020,1354.95,1347.45,1368.5,1336.2,591592
17-JUN-2020,1375.0,1352.35,1386.65,1346.65,481888
16-JUN-2020,1440.0,1372.75,1440.0,1355.3,1021347
15-JUN-2020,1394.8,1410.7,1429.0,1371.0,1375775
12-JUN-2020,1305.0,1403.6,1410.0,1302.2,1340070
11-JUN-2020,1359.0,1347.55,1391.0,1339.0,677212
10-JUN-2020,1365.0,1355.65,1378.4,1332.0,710311
09-JUN-2020,1369.95,1364.55,1392.0,1352.7,517245
08-JUN-2020,1368.6,1364.05,1408.0,1352.05,746492
05-JUN-2020,1369.6,1359.05,1380.8,1351.7,548934
04-JUN-2020,1355.0,1364.25,1367.75,1336.0,762916
03-JUN-2020,1370.0,1349.8,1407.0,1340.05,738651
02-JUN-2020,1379.0,1360.65,1394.85,1350.5,608623
01-JUN-2020,1372.0,1373.3,1398.0,1357.55,868868
29-MAY-2020,1323.0,1356.95,1367.6,1314.95,870048
28-MAY-2020,1340.0,1337.05,1354.0,1317.0,523207
27-MAY-2020,1322.2,1337.6,1359.5,1318.0,1386457
26-MAY-2020,1290.0,1321.75,1338.8,1286.1,1145344
22-MAY-2020,1270.0,1280.0,1296.0,1252.65,775353
21-MAY-2020,1292.0,1280.3,1310.0,1272.2,608962
20-MAY-2020,1274.9,1288.45,1298.95,1270.1,532117
19-MAY-2020,1290.0,1274.25,1302.0,1267.0,960164
18-MAY-2020,1355.0,1266.05,1364.9,1256.0,860702
15-MAY-2020,1299.0,1355.3,1377.1,1290.15,1984100
14-MAY-2020,1289.3,1294.4,1310.0,1265.8,907116
13-MAY-2020,1334.0,1284.55,1334.0,1258.0,1508002
12-MAY-2020,1296.1,1301.1,1320.0,1280.95,663107
11-MAY-2020,1320.0,1304.2,1341.75,1282.4,718005
08-MAY-2020,1280.3,1314.8,1327.5,1276.2,1250587
07-MAY-2020,1293.95,1271.15,1335.0,1265.5,935845
06-MAY-2020,1350.0,1305.75,1359.0,1261.75,1621448
05-MAY-2020,1399.0,1347.6,1401.8,1334.45,652261
04-MAY-2020,1394.65,1371.75,1427.15,1355.5,1532116
30-APR-2020,1441.9,1394.35,1441.9,1387.25,731401
29-APR-2020,1420.0,1417.95,1428.8,1375.0,1010961
28-APR-2020,1429.8,1426.45,1458.2,1417.05,1214114
27-APR-2020,1370.1,1418.9,1423.35,1370.1,1179829
24-APR-2020,1360.0,1359.5,1377.5,1341.1,756054
23-APR-2020,1372.0,1384.05,1416.9,1361.8,1301177
22-APR-2020,1351.25,1348.3,1368.35,1311.4,1272573
21-APR-2020,1416.0,1351.15,1433.05,1330.1,1669512
20-APR-2020,1385.0,1450.95,1465.0,1373.0,1860261
17-APR-2020,1450.0,1374.1,1472.0,1360.0,1718048
16-APR-2020,1370.75,1423.45,1440.0,1334.05,1281809
15-APR-2020,1295.0,1360.55,1414.95,1291.6,2274130
13-APR-2020,1300.0,1279.4,1300.0,1229.8,1027810
09-APR-2020,1266.0,1279.85,1300.0,1256.65,1156778
08-APR-2020,1225.9,1263.95,1338.4,1211.0,2070270
07-APR-2020,1236.0,1225.95,1278.65,1212.5,1473098
03-APR-2020,1094.2,1189.55,1239.45,1088.05,2397409
01-APR-2020,1136.0,1088.85,1139.0,1080.05,1017298
31-MAR-2020,1122.0,1139.05,1155.1,1047.05,1882578
30-MAR-2020,1139.0,1098.25,1167.0,1080.15,1207572
27-MAR-2020,1259.0,1167.0,1259.0,1130.3,2480908
26-MAR-2020,1190.0,1215.85,1336.3,1132.0,2809837
25-MAR-2020,1180.0,1183.75,1222.2,1072.05,2323541
24-MAR-2020,1250.0,1156.0,1265.0,1124.15,1641799
23-MAR-2020,1226.7,1158.65,1299.35,1149.0,816579
20-MAR-2020,1190.25,1362.95,1400.4,1150.0,2002361
19-MAR-2020,1195.1,1180.1,1248.25,1052.35,2412020
18-MAR-2020,1454.0,1282.7,1454.0,1233.55,1731138
17-MAR-2020,1492.8,1426.75,1518.95,1415.45,610719
16-MAR-2020,1431.0,1472.8,1540.9,1363.35,1197701
13-MAR-2020,1380.1,1513.65,1598.5,1379.0,828569
12-MAR-2020,1580.0,1508.0,1590.05,1480.3,1279868
11-MAR-2020,1629.0,1629.25,1642.8,1611.0,617559
09-MAR-2020,1650.0,1640.9,1671.75,1606.1,486073
06-MAR-2020,1700.0,1688.9,1710.0,1673.0,498503
05-MAR-2020,1764.95,1727.2,1768.85,1718.6,661463
04-MAR-2020,1727.0,1755.25,1772.0,1711.65,1164850
03-MAR-2020,1738.9,1725.7,1753.2,1695.0,672514
02-MAR-2020,1750.0,1728.55,1777.9,1711.2,980080
28-FEB-2020,1780.5,1735.8,1799.75,1726.1,1234826
27-FEB-2020,1765.0,1795.4,1803.0,1755.1,919960
26-FEB-2020,1785.95,1767.2,1796.95,1763.0,494854
25-FEB-2020,1798.0,1790.45,1810.0,1778.0,459592
24-FEB-2020,1796.0,1797.45,1813.55,1764.25,708469
20-FEB-2020,1790.0,1800.7,1813.45,1778.25,799535
19-FEB-2020,1774.9,1780.5,1792.6,1750.7,1029649
18-FEB-2020,1716.0,1774.9,1784.4,1704.8,1860803
17-FEB-2020,1727.0,1715.05,1737.0,1700.1,808709
14-FEB-2020,1721.0,1704.4,1747.7,1674.45,3179224
13-FEB-2020,1675.0,1695.5,1707.0,1655.0,902548
12-FEB-2020,1705.0,1683.6,1716.95,1670.55,728165
11-FEB-2020,1670.5,1697.95,1702.9,1669.0,606839
10-FEB-2020,1663.0,1665.7,1701.6,1634.5,778081
07-FEB-2020,1649.8,1663.15,1678.5,1628.0,554048
06-FEB-2020,1665.7,1645.05,1665.7,1622.2,552992
05-FEB-2020,1681.0,1657.45,1681.0,1650.0,438855
04-FEB-2020,1695.85,1671.05,1704.9,1661.0,384789
03-FEB-2020,1616.0,1695.85,1717.6,1616.0,584886
01-FEB-2020,1658.1,1654.45,1703.45,1630.0,547355
31-JAN-2020,1699.2,1660.2,1699.25,1656.45,377299
30-JAN-2020,1685.0,1690.8,1709.75,1680.25,634505
29-JAN-2020,1687.0,1688.0,1694.95,1671.05,230705
28-JAN-2020,1695.9,1677.75,1704.8,1673.8,681671
27-JAN-2020,1668.0,1696.05,1713.0,1662.0,791549
24-JAN-2020,1690.0,1668.7,1697.55,1649.1,1023849
23-JAN-2020,1638.8,1686.9,1699.9,1631.25,764590
22-JAN-2020,1643.65,1634.45,1664.0,1626.5,736367
21-JAN-2020,1629.85,1626.2,1642.5,1621.0,317357
20-JAN-2020,1620.0,1629.55,1659.0,1616.5,1047368
17-JAN-2020,1595.55,1618.6,1624.0,1580.0,893254
16-JAN-2020,1519.7,1591.55,1607.0,1518.05,2305288
15-JAN-2020,1488.3,1511.95,1529.0,1488.0,932167
14-JAN-2020,1485.1,1493.3,1502.0,1483.9,308514
13-JAN-2020,1493.3,1483.45,1504.0,1479.45,374704
10-JAN-2020,1484.0,1485.9,1502.0,1476.0,364434
09-JAN-2020,1490.0,1479.6,1498.7,1473.0,254798
08-JAN-2020,1464.0,1473.65,1479.6,1458.0,190163
07-JAN-2020,1475.0,1478.7,1498.95,1472.55,365266
06-JAN-2020,1480.0,1462.5,1480.0,1458.15,378702
03-JAN-2020,1494.65,1486.1,1505.0,1481.55,629443
02-JAN-2020,1428.0,1494.65,1509.2,1428.0,2000143
01-JAN-2020,1440.0,1426.35,1442.0,1422.2,268255
31-DEC-2019,1417.0,1442.0,1454.0,1415.0,985801
30-DEC-2019,1421.2,1418.9,1432.85,1411.6,527326
27-DEC-2019,1379.95,1418.1,1424.95,1379.5,1085655
26-DEC-2019,1384.4,1379.6,1387.7,1370.45,344456
24-DEC-2019,1391.9,1375.45,1398.45,1372.2,295536
23-DEC-2019,1378.0,1386.25,1390.0,1365.55,476672
20-DEC-2019,1400.0,1379.2,1402.4,1375.5,629259
19-DEC-2019,1385.45,1396.4,1403.55,1371.15,730557
18-DEC-2019,1371.05,1384.85,1394.85,1370.0,1244195
17-DEC-2019,1369.95,1363.65,1369.95,1341.35,1184021
16-DEC-2019,1370.0,1370.55,1389.9,1366.0,825493
13-DEC-2019,1393.0,1353.0,1397.75,1345.0,2563372
12-DEC-2019,1395.0,1385.5,1406.0,1374.75,698123
11-DEC-2019,1380.0,1390.45,1407.0,1380.0,735568
10-DEC-2019,1412.5,1373.95,1437.0,1368.0,1141233
09-DEC-2019,1466.0,1411.8,1474.45,1402.7,878632
06-DEC-2019,1479.9,1465.0,1510.0,1459.6,830784
05-DEC-2019,1471.85,1483.2,1492.55,1451.6,725914
04-DEC-2019,1404.0,1470.25,1478.55,1401.05,1204381
03-DEC-2019,1423.9,1404.4,1423.9,1400.0,405568
02-DEC-2019,1450.2,1416.25,1450.2,1414.45,308438
29-NOV-2019,1453.5,1441.2,1466.85,1431.0,359720
28-NOV-2019,1465.35,1444.5,1476.4,1440.0,397266
27-NOV-2019,1467.5,1463.95,1480.0,1460.0,400326
26-NOV-2019,1455.0,1458.4,1488.0,1450.65,989762
25-NOV-2019,1451.4,1450.35,1464.7,1440.15,337740
22-NOV-2019,1459.65,1451.6,1475.05,1440.65,882624
21-NOV-2019,1428.0,1455.45,1462.95,1425.0,1123652
20-NOV-2019,1422.0,1421.55,1437.1,1415.0,660964
19-NOV-2019,1408.8,1410.95,1420.8,1402.0,472316
18-NOV-2019,1419.0,1403.95,1428.6,1398.2,783234
15-NOV-2019,1437.45,1397.25,1445.4,1380.0,1282545
14-NOV-2019,1394.0,1419.15,1441.5,1386.3,1643108
13-NOV-2019,1420.05,1388.65,1435.0,1379.15,506842
11-NOV-2019,1425.0,1419.0,1445.0,1414.15,475250
08-NOV-2019,1467.9,1418.6,1467.9,1415.0,504630
07-NOV-2019,1422.7,1463.9,1469.0,1420.5,909619
06-NOV-2019,1416.0,1413.9,1429.95,1402.05,604579
05-NOV-2019,1423.5,1414.95,1446.8,1412.5,620983
04-NOV-2019,1461.0,1414.75,1471.0,1411.0,519503
01-NOV-2019,1492.8,1460.0,1508.0,1450.1,551152
31-OCT-2019,1471.0,1484.8,1499.8,1463.05,457117
30-OCT-2019,1459.8,1461.95,1489.25,1440.0,751366
29-OCT-2019,1526.1,1431.0,1527.0,1393.0,2296243
27-OCT-2019,1527.0,1529.65,1533.25,1520.0,31619
25-OCT-2019,1540.0,1519.35,1543.3,1507.35,289340
24-OCT-2019,1518.3,1536.8,1540.0,1518.3,340507
23-OCT-2019,1520.0,1513.75,1530.85,1510.0,193859
22-OCT-2019,1502.0,1519.4,1540.0,1502.0,621477
18-OCT-2019,1491.0,1507.85,1531.0,1490.35,562505
17-OCT-2019,1489.0,1487.3,1493.0,1470.65,354752
16-OCT-2019,1484.0,1483.2,1494.4,1480.0,304772
15-OCT-2019,1459.9,1483.75,1489.0,1457.0,594035
14-OCT-2019,1457.15,1451.75,1477.25,1444.8,878725
11-OCT-2019,1419.3,1448.1,1454.8,1407.95,649286
10-OCT-2019,1422.0,1412.25,1438.0,1405.5,435916
09-OCT-2019,1407.5,1425.05,1431.85,1397.55,381888
07-OCT-2019,1409.2,1410.65,1430.0,1399.0,673596
04-OCT-2019,1385.0,1400.45,1422.5,1384.95,860655
03-OCT-2019,1355.65,1379.1,1383.85,1348.55,443258
01-OCT-2019,1398.0,1369.25,1408.95,1360.5,356435
30-SEP-2019,1404.4,1395.5,1405.85,1360.2,708880
27-SEP-2019,1431.7,1400.55,1433.95,1394.1,553438
26-SEP-2019,1435.0,1429.2,1444.0,1418.9,450521
25-SEP-2019,1456.0,1427.55,1457.45,1417.75,274220
24-SEP-2019,1479.4,1453.1,1488.4,1433.2,410553
23-SEP-2019,1490.0,1470.5,1519.0,1445.0,928873
20-SEP-2019,1415.0,1469.35,1475.0,1393.0,1265101
19-SEP-2019,1434.95,1412.7,1434.95,1406.55,465939
18-SEP-2019,1417.0,1433.9,1444.0,1401.7,790353
17-SEP-2019,1432.0,1415.05,1440.0,1410.15,605036
16-SEP-2019,1455.0,1435.85,1461.6,1428.8,408800
13-SEP-2019,1464.9,1458.15,1477.0,1430.6,883257
12-SEP-2019,1572.0,1458.75,1579.7,1454.0,2491122
11-SEP-2019,1500.0,1497.2,1512.7,1474.05,626957
09-SEP-2019,1500.0,1494.1,1512.45,1473.05,625979
06-SEP-2019,1503.0,1500.2,1536.45,1484.8,1098301
05-SEP-2019,1495.5,1497.0,1509.0,1487.0,314054
04-SEP-2019,1501.9,1496.9,1505.0,1485.05,320979
03-SEP-2019,1496.0,1493.45,1504.95,1488.0,301790
30-AUG-2019,1519.8,1508.15,1542.45,1496.25,869797
29-AUG-2019,1520.0,1518.35,1529.8,1505.1,619177
28-AUG-2019,1478.7,1521.4,1535.0,1477.0,1429654
27-AUG-2019,1461.0,1475.55,1480.0,1450.2,466048
26-AUG-2019,1444.0,1461.0,1472.55,1422.55,501588
23-AUG-2019,1448.05,1440.85,1464.9,1425.0,737187
22-AUG-2019,1470.0,1451.1,1475.3,1445.3,602866
21-AUG-2019,1471.25,1466.0,1489.0,1457.25,779790
20-AUG-2019,1488.0,1475.1,1490.0,1463.45,561093
19-AUG-2019,1470.6,1483.95,1508.95,1461.05,1815260
16-AUG-2019,1365.0,1470.6,1487.0,1362.2,3588110
14-AUG-2019,1399.0,1360.2,1445.0,1345.65,3189181
13-AUG-2019,1358.8,1322.5,1370.55,1311.9,610748
09-AUG-2019,1331.0,1358.8,1371.0,1331.0,399477
08-AUG-2019,1315.0,1334.4,1340.0,1306.0,203895
07-AUG-2019,1340.0,1314.65,1355.0,1310.05,230845
06-AUG-2019,1290.0,1340.25,1355.3,1290.0,335196
05-AUG-2019,1303.7,1301.65,1311.15,1287.25,362139
02-AUG-2019,1355.1,1310.2,1359.95,1275.0,976127
01-AUG-2019,1344.0,1365.55,1381.5,1341.0,492611
31-JUL-2019,1327.0,1351.6,1356.5,1319.15,343969
30-JUL-2019,1364.9,1333.6,1374.0,1329.0,364277
29-JUL-2019,1363.05,1365.85,1378.0,1335.4,396917
26-JUL-2019,1344.15,1363.05,1367.75,1322.9,336855
25-JUL-2019,1335.45,1343.6,1349.0,1314.0,391683
24-JUL-2019,1360.1,1335.45,1372.65,1317.7,398286
23-JUL-2019,1368.5,1366.0,1377.85,1355.0,209290
22-JUL-2019,1373.65,1364.65,1389.0,1351.0,344053
19-JUL-2019,1388.15,1373.45,1398.95,1367.05,294619
18-JUL-2019,1380.0,1388.05,1400.0,1365.1,464854
17-JUL-2019,1388.3,1383.8,1427.0,1370.0,1150697
16-JUL-2019,1372.15,1390.2,1398.5,1360.9,739553
15-JUL-2019,1371.0,1385.7,1404.0,1367.55,1269223
12-JUL-2019,1320.3,1363.25,1368.0,1317.0,1433514
11-JUL-2019,1318.15,1315.3,1332.1,1298.5,560976
10-JUL-2019,1327.95,1318.15,1337.55,1313.05,440764
09-JUL-2019,1303.25,1328.65,1352.9,1302.75,806802
08-JUL-2019,1296.1,1303.25,1324.55,1290.55,523713
05-JUL-2019,1327.35,1306.65,1341.45,1301.95,374619
04-JUL-2019,1335.65,1325.45,1349.65,1322.2,369704
03-JUL-2019,1356.65,1341.6,1364.2,1338.75,220036
02-JUL-2019,1374.4,1356.05,1376.45,1350.0,527306
01-JUL-2019,1363.0,1370.7,1386.6,1356.15,675302
28-JUN-2019,1324.9,1359.2,1382.0,1319.3,1568379
27-JUN-2019,1310.55,1312.45,1322.95,1292.6,688891
26-JUN-2019,1320.0,1307.95,1325.05,1301.05,597977
25-JUN-2019,1345.0,1324.85,1351.45,1309.95,1156668
24-JUN-2019,1353.9,1344.65,1357.1,1330.05,420849
21-JUN-2019,1373.0,1348.25,1385.3,1343.35,563852
20-JUN-2019,1392.0,1374.3,1404.2,1355.3,1462438
19-JUN-2019,1357.0,1351.75,1383.0,1341.0,486030
18-JUN-2019,1361.9,1354.7,1366.0,1338.0,434991
17-JUN-2019,1379.0,1361.05,1388.0,1356.1,418598
14-JUN-2019,1371.0,1370.6,1394.9,1366.5,349894
13-JUN-2019,1380.5,1374.3,1383.8,1355.5,376393
12-JUN-2019,1380.9,1381.75,1398.85,1365.0,523008
11-JUN-2019,1385.7,1379.95,1401.45,1375.0,827845
10-JUN-2019,1400.0,1379.1,1402.5,1368.25,731973
07-JUN-2019,1342.0,1398.2,1406.0,1330.75,1963985
06-JUN-2019,1337.0,1342.15,1375.0,1327.3,1226417
04-JUN-2019,1350.0,1332.3,1357.45,1324.0,1306110
03-JUN-2019,1243.0,1357.3,1368.7,1243.0,3836627
31-MAY-2019,1209.6,1238.8,1266.9,1209.6,1342593
30-MAY-2019,1211.95,1203.0,1234.5,1192.5,1087194
29-MAY-2019,1191.5,1203.3,1209.0,1173.3,278890
28-MAY-2019,1200.0,1190.8,1209.45,1181.0,512288
27-MAY-2019,1177.5,1198.8,1212.9,1175.15,294036
24-MAY-2019,1159.75,1170.5,1188.5,1155.5,257237
23-MAY-2019,1193.0,1150.1,1193.0,1143.35,222973
22-MAY-2019,1177.7,1162.95,1179.0,1154.0,221323
21-MAY-2019,1196.0,1172.7,1215.0,1165.1,253823
20-MAY-2019,1158.05,1198.3,1206.9,1158.05,326706
17-MAY-2019,1136.45,1141.2,1159.2,1132.3,270312
16-MAY-2019,1161.9,1136.45,1161.9,1112.15,505445
15-MAY-2019,1148.2,1156.45,1161.0,1147.05,235916
14-MAY-2019,1175.9,1142.5,1175.9,1130.0,625364
13-MAY-2019,1186.95,1172.3,1192.95,1161.2,200737
10-MAY-2019,1176.15,1186.55,1196.5,1167.65,173882
09-MAY-2019,1165.0,1169.6,1199.0,1157.1,310077
08-MAY-2019,1156.0,1170.3,1183.6,1152.0,246581
07-MAY-2019,1195.5,1164.95,1199.1,1152.35,320142
06-MAY-2019,1170.35,1190.3,1205.85,1170.35,225661
03-MAY-2019,1194.55,1199.3,1212.55,1183.3,347353
02-MAY-2019,1217.0,1194.55,1224.9,1153.8,1083586
30-APR-2019,1239.8,1216.5,1248.0,1205.1,336375
26-APR-2019,1243.0,1239.2,1254.9,1226.3,242464
25-APR-2019,1232.0,1246.25,1259.8,1230.05,360981
24-APR-2019,1242.9,1228.8,1268.7,1222.0,569926
23-APR-2019,1233.0,1242.9,1254.0,1229.8,280002
22-APR-2019,1269.0,1232.05,1269.0,1219.0,534002
18-APR-2019,1274.0,1271.6,1279.9,1255.8,283213
16-APR-2019,1271.25,1275.2,1294.9,1271.05,375036
15-APR-2019,1270.6,1271.4,1285.35,1265.1,525419
12-APR-2019,1247.7,1264.3,1268.2,1231.6,365799
11-APR-2019,1240.0,1240.4,1259.8,1235.0,325454
10-APR-2019,1253.2,1246.25,1269.75,1240.3,251194
09-APR-2019,1242.0,1259.55,1263.0,1226.1,452314
08-APR-2019,1249.0,1237.1,1257.4,1230.55,479351
05-APR-2019,1268.0,1245.0,1275.0,1236.05,469357
04-APR-2019,1262.95,1256.25,1269.0,1249.05,236648
03-APR-2019,1259.0,1259.75,1276.7,1255.25,336310
02-APR-2019,1269.0,1255.3,1284.0,1248.65,638278
01-APR-2019,1231.0,1269.5,1278.8,1226.5,1002709
29-MAR-2019,1195.4,1227.6,1253.35,1188.95,1780366
28-MAR-2019,1154.0,1182.95,1188.0,1154.0,693131
27-MAR-2019,1163.0,1153.75,1178.1,1150.05,486185
26-MAR-2019,1146.0,1151.9,1160.0,1138.95,434281
25-MAR-2019,1149.0,1147.05,1160.85,1134.45,467825
22-MAR-2019,1173.25,1150.6,1182.15,1144.0,754339
20-MAR-2019,1147.7,1166.0,1180.1,1135.0,1269611
19-MAR-2019,1121.85,1139.9,1144.95,1121.85,398908
18-MAR-2019,1126.4,1119.65,1139.9,1115.0,353486
15-MAR-2019,1138.0,1124.15,1152.9,1110.0,731215
14-MAR-2019,1123.0,1131.95,1143.4,1116.1,717230
13-MAR-2019,1160.0,1117.6,1166.05,1092.0,1797280
12-MAR-2019,1211.9,1157.25,1211.9,1132.7,1370850
11-MAR-2019,1172.5,1204.05,1211.8,1172.5,938550
08-MAR-2019,1186.0,1171.9,1188.45,1167.0,268170
07-MAR-2019,1195.35,1186.95,1202.0,1179.3,642857
06-MAR-2019,1186.9,1192.75,1212.85,1183.5,1679631
05-MAR-2019,1159.8,1191.9,1195.0,1146.8,564049
01-MAR-2019,1140.1,1151.85,1165.85,1140.0,904319
28-FEB-2019,1155.05,1140.9,1160.0,1137.0,695585
27-FEB-2019,1166.0,1149.3,1179.9,1140.7,1037445
26-FEB-2019,1175.6,1157.35,1177.05,1148.0,1071336
25-FEB-2019,1145.9,1187.45,1198.0,1131.4,1374338
22-FEB-2019,1145.0,1146.2,1155.5,1139.6,511047
21-FEB-2019,1135.0,1152.2,1158.0,1127.0,1308447
20-FEB-2019,1127.0,1129.6,1143.4,1120.0,1188434
19-FEB-2019,1125.0,1116.4,1146.7,1112.1,969990
18-FEB-2019,1143.0,1116.85,1149.15,1083.1,1323161
15-FEB-2019,1142.1,1142.8,1152.1,1130.0,386448
14-FEB-2019,1155.5,1152.35,1169.95,1126.85,708081
13-FEB-2019,1154.0,1149.8,1164.65,1135.35,989560
12-FEB-2019,1133.0,1132.25,1189.9,1101.1,4732005
11-FEB-2019,1300.0,1121.9,1300.0,1090.0,5424327
08-FEB-2019,1298.5,1257.85,1298.5,1252.1,581292
07-FEB-2019,1304.05,1295.85,1319.0,1290.1,305098
06-FEB-2019,1298.0,1304.05,1315.0,1287.9,410854
05-FEB-2019,1300.0,1290.85,1309.8,1282.0,423344
04-FEB-2019,1335.0,1296.75,1336.9,1278.5,548166
01-FEB-2019,1320.0,1341.25,1357.9,1320.0,530789
31-JAN-2019,1315.0,1325.65,1334.0,1313.35,471658
30-JAN-2019,1299.0,1319.6,1323.0,1297.5,315858
29-JAN-2019,1259.0,1299.65,1306.75,1254.0,463118
28-JAN-2019,1287.0,1265.8,1302.1,1262.65,254670
25-JAN-2019,1321.2,1292.3,1331.9,1280.85,571327
24-JAN-2019,1310.0,1314.65,1339.75,1294.2,831256
23-JAN-2019,1296.9,1293.85,1317.0,1284.05,671259
22-JAN-2019,1316.1,1293.8,1323.0,1288.5,1100328
21-JAN-2019,1366.3,1326.05,1387.25,1315.55,1293001
18-JAN-2019,1350.0,1366.3,1372.9,1335.05,702678
17-JAN-2019,1344.9,1352.95,1358.65,1341.25,420061
16-JAN-2019,1328.2,1347.6,1354.0,1328.1,513687
15-JAN-2019,1323.35,1329.15,1334.9,1317.2,466539
14-JAN-2019,1289.8,1322.6,1328.45,1282.0,887486
11-JAN-2019,1286.0,1292.7,1295.3,1269.25,467514
10-JAN-2019,1263.0,1285.4,1292.25,1256.75,428709
09-JAN-2019,1256.25,1267.4,1271.0,1249.5,289161
08-JAN-2019,1281.9,1249.5,1282.0,1245.55,893261
07-JAN-2019,1299.0,1282.1,1300.0,1275.0,683914
04-JAN-2019,1259.0,1293.0,1297.3,1259.0,725206
03-JAN-2019,1258.0,1266.65,1273.0,1254.05,322081
02-JAN-2019,1268.0,1258.75,1288.0,1251.8,658775
01-JAN-2019,1253.0,1266.4,1271.0,1250.0,292677
31-DEC-2018,1236.0,1258.3,1265.0,1230.0,559848
28-DEC-2018,1243.05,1241.85,1252.95,1225.1,491844
27-DEC-2018,1277.0,1242.8,1282.5,1235.7,715199
26-DEC-2018,1264.0,1264.15,1274.0,1237.85,275494
24-DEC-2018,1260.65,1269.35,1277.95,1233.55,382470
21-DEC-2018,1273.9,1252.4,1283.45,1244.05,450623
20-DEC-2018,1237.9,1267.55,1275.0,1232.05,476760
19-DEC-2018,1228.0,1244.7,1254.7,1215.05,446235
18-DEC-2018,1219.0,1226.1,1228.0,1200.0,454828
17-DEC-2018,1246.0,1217.05,1253.0,1210.1,493775
14-DEC-2018,1228.0,1248.3,1262.0,1221.6,552532
13-DEC-2018,1215.0,1222.15,1240.0,1210.0,314906
12-DEC-2018,1182.0,1215.5,1219.55,1182.0,394876
11-DEC-2018,1175.0,1179.8,1186.3,1144.75,504464
10-DEC-2018,1190.0,1176.6,1209.5,1168.0,434842
07-DEC-2018,1193.2,1209.0,1215.1,1167.3,665538
06-DEC-2018,1234.5,1188.9,1238.7,1180.2,788698
05-DEC-2018,1235.0,1231.2,1269.0,1214.75,749896
04-DEC-2018,1288.0,1243.55,1298.15,1235.15,581813
03-DEC-2018,1265.0,1292.2,1329.85,1261.45,1475095
30-NOV-2018,1250.2,1264.8,1289.75,1250.2,1035249
29-NOV-2018,1231.15,1245.85,1253.8,1225.0,506815
28-NOV-2018,1226.1,1231.45,1249.75,1222.25,520657
27-NOV-2018,1255.0,1233.2,1264.0,1225.45,744253
26-NOV-2018,1222.0,1250.15,1254.95,1215.55,720471
22-NOV-2018,1207.3,1214.25,1224.0,1195.0,601981
21-NOV-2018,1200.0,1213.35,1223.0,1198.0,422957
20-NOV-2018,1227.2,1192.8,1239.9,1188.55,933231
19-NOV-2018,1235.0,1225.05,1265.0,1215.4,1068208
16-NOV-2018,1250.65,1233.5,1268.0,1226.25,837770
15-NOV-2018,1201.9,1262.1,1287.0,1180.1,3884208
14-NOV-2018,1150.0,1168.05,1177.8,1143.0,531312
13-NOV-2018,1144.0,1143.6,1154.4,1112.25,442309
12-NOV-2018,1148.8,1136.75,1156.85,1126.15,330778
09-NOV-2018,1132.9,1148.8,1159.2,1130.0,401528
07-NOV-2018,1133.0,1131.7,1140.0,1125.1,30818
06-NOV-2018,1164.0,1127.35,1168.7,1121.15,460744
05-NOV-2018,1150.0,1164.55,1196.2,1150.0,354525
02-NOV-2018,1178.3,1153.8,1203.75,1138.5,713553
01-NOV-2018,1143.7,1172.4,1185.0,1143.1,374447
31-OCT-2018,1167.0,1141.05,1175.0,1130.15,1242170
30-OCT-2018,1134.15,1166.6,1176.0,1130.0,617733
29-OCT-2018,1083.0,1142.85,1150.0,1083.0,296748
26-OCT-2018,1092.55,1082.85,1095.85,1067.0,408899
25-OCT-2018,1110.35,1109.6,1160.6,1071.7,759796
24-OCT-2018,1150.0,1126.4,1150.0,1111.0,417573
23-OCT-2018,1132.6,1143.45,1153.9,1124.0,807931
22-OCT-2018,1126.3,1132.6,1140.0,1110.5,424717
19-OCT-2018,1111.5,1121.45,1135.85,1101.1,388626
17-OCT-2018,1120.0,1123.7,1147.85,1112.55,349443
16-OCT-2018,1131.8,1109.0,1138.0,1101.65,281120
15-OCT-2018,1131.9,1133.0,1140.0,1113.9,462964
12-OCT-2018,1125.6,1132.0,1138.45,1104.05,553890
11-OCT-2018,1091.0,1121.15,1141.0,1085.0,734133
10-OCT-2018,1091.0,1122.7,1131.5,1089.1,484956
09-OCT-2018,1082.0,1098.7,1110.1,1065.3,509541
08-OCT-2018,1048.4,1081.9,1092.3,1037.9,371858
05-OCT-2018,1039.7,1057.2,1074.0,1035.0,387404
04-OCT-2018,1051.65,1047.2,1069.55,1035.2,420704
03-OCT-2018,1059.0,1071.3,1084.7,1045.0,527109
01-OCT-2018,1032.4,1064.05,1088.35,1025.25,635567
28-SEP-2018,1059.2,1042.25,1081.0,1036.9,775318
27-SEP-2018,1041.5,1067.55,1074.9,1025.0,981316
26-SEP-2018,1049.0,1043.3,1060.0,1032.0,668783
25-SEP-2018,1017.0,1046.1,1053.9,1010.25,626059
24-SEP-2018,1047.0,1017.0,1054.65,1007.75,461495
21-SEP-2018,1078.0,1044.25,1084.45,996.75,1087190
19-SEP-2018,1125.0,1070.9,1133.7,1061.5,860904
18-SEP-2018,1120.0,1119.9,1136.0,1113.4,1063178
17-SEP-2018,1116.4,1119.2,1123.0,1104.05,600162
14-SEP-2018,1113.6,1116.7,1123.0,1108.85,1140819
12-SEP-2018,1110.1,1104.85,1122.0,1091.8,824802
11-SEP-2018,1137.05,1108.4,1137.05,1092.0,516085
10-SEP-2018,1160.85,1130.5,1175.15,1121.05,664718
07-SEP-2018,1117.5,1159.2,1164.5,1096.35,1338252
06-SEP-2018,1145.0,1117.7,1158.0,1108.05,701990
05-SEP-2018,1179.6,1135.75,1179.65,1123.0,917615
04-SEP-2018,1182.85,1179.6,1188.9,1150.9,704258
03-SEP-2018,1191.85,1173.35,1201.3,1163.65,969364
31-AUG-2018,1201.1,1182.7,1201.1,1174.05,739373
30-AUG-2018,1197.2,1192.2,1234.4,1183.35,1334841
29-AUG-2018,1183.0,1193.45,1226.75,1180.2,2311788
28-AUG-2018,1199.4,1172.75,1199.4,1160.0,1051068
27-AUG-2018,1199.0,1196.8,1209.95,1181.7,972125
24-AUG-2018,1150.0,1197.7,1205.8,1149.0,2318913
23-AUG-2018,1191.6,1147.55,1199.1,1141.45,1035541
21-AUG-2018,1190.0,1181.85,1205.0,1172.05,1506268
20-AUG-2018,1186.0,1201.15,1221.5,1180.0,1701643
17-AUG-2018,1140.0,1189.2,1209.5,1131.0,4204744
16-AUG-2018,1125.0,1140.5,1152.7,1107.4,1905494
14-AUG-2018,1062.0,1131.2,1140.0,1046.25,4297981
13-AUG-2018,948.0,1068.6,1087.3,945.0,5440911
10-AUG-2018,963.5,943.9,988.85,938.25,1084312
09-AUG-2018,968.95,963.55,983.0,960.0,211012
08-AUG-2018,964.7,971.75,975.0,956.15,166887
07-AUG-2018,989.5,967.35,989.5,961.0,175136
06-AUG-2018,971.0,981.3,988.0,968.65,381899
03-AUG-2018,962.1,970.5,978.0,956.45,851947
02-AUG-2018,942.45,960.55,967.0,938.0,484728
01-AUG-2018,958.0,952.9,963.0,944.0,517987
31-JUL-2018,945.0,951.9,961.9,937.55,641898
30-JUL-2018,940.0,931.45,941.0,910.1,1201433
27-JUL-2018,945.0,933.85,945.1,930.05,355108
26-JUL-2018,938.0,937.35,945.7,930.0,361900
25-JUL-2018,944.0,939.8,955.85,934.2,282128
24-JUL-2018,958.0,939.4,958.0,930.8,475690
23-JUL-2018,933.0,953.75,959.95,911.2,631604
20-JUL-2018,948.0,929.55,959.65,925.15,774467
19-JUL-2018,969.7,953.95,971.0,937.0,402078
18-JUL-2018,986.7,969.7,993.9,958.0,424396
17-JUL-2018,937.3,977.3,982.2,920.0,1068778
16-JUL-2018,977.0,940.7,977.75,935.0,642308
13-JUL-2018,1008.0,974.85,1008.0,967.4,539104
12-JUL-2018,1000.05,1000.65,1028.2,997.0,564013
11-JUL-2018,1014.0,998.9,1014.45,992.75,313357
10-JUL-2018,1004.1,1008.55,1015.95,991.6,381829
09-JUL-2018,1025.0,1000.05,1029.95,989.55,823792
06-JUL-2018,1059.0,1016.75,1064.75,1009.0,777700
05-JUL-2018,1082.0,1048.15,1089.5,1036.15,735496
04-JUL-2018,1053.15,1081.9,1085.0,1053.0,449504
03-JUL-2018,1070.0,1063.8,1073.3,1047.25,536081
02-JUL-2018,1063.0,1064.5,1069.0,1036.3,712570
29-JUN-2018,1014.0,1047.45,1056.35,1006.35,523238
28-JUN-2018,1022.8,1012.4,1022.8,1000.0,314066
27-JUN-2018,1027.5,1020.45,1027.5,1011.55,242918
26-JUN-2018,1028.0,1022.4,1043.95,1016.55,301606
25-JUN-2018,1023.0,1031.6,1052.55,1019.55,413983
22-JUN-2018,1029.6,1021.45,1032.5,1005.0,392103
21-JUN-2018,1048.15,1023.9,1053.35,1018.05,394821
20-JUN-2018,1057.5,1048.15,1076.4,1043.1,668483
19-JUN-2018,1046.0,1060.2,1069.0,1029.05,800666
18-JUN-2018,1042.7,1052.95,1076.2,1040.0,1539678
15-JUN-2018,969.9,1033.25,1041.6,969.9,1440836
14-JUN-2018,978.9,969.9,978.9,961.35,229030
13-JUN-2018,992.0,975.2,1001.2,971.7,355482
12-JUN-2018,999.5,982.4,1015.0,978.6,330705
11-JUN-2018,1025.0,999.4,1028.6,993.5,319664
08-JUN-2018,965.0,1018.4,1030.35,963.75,1098153
07-JUN-2018,933.4,970.75,975.5,933.4,513903
06-JUN-2018,944.95,930.1,947.65,927.6,251767
05-JUN-2018,943.0,939.8,950.0,924.8,359086
04-JUN-2018,941.0,941.15,948.0,915.2,474667
01-JUN-2018,950.55,927.1,960.8,918.25,911000
31-MAY-2018,998.5,950.35,1003.8,943.8,883312
30-MAY-2018,1000.0,987.65,1010.25,979.3,221514
29-MAY-2018,972.8,1004.9,1017.9,964.65,444641
28-MAY-2018,1004.0,985.15,1004.0,970.0,249842
25-MAY-2018,972.0,993.9,1004.85,955.05,407561
24-MAY-2018,964.7,966.55,974.6,946.4,325892
23-MAY-2018,968.5,963.95,983.2,957.0,156097
22-MAY-2018,978.0,968.3,983.45,957.0,414262
21-MAY-2018,1016.0,983.5,1019.05,977.0,254209
18-MAY-2018,1018.7,1016.65,1034.9,1011.1,156262
17-MAY-2018,1031.0,1017.8,1038.0,1010.0,166169
16-MAY-2018,1035.0,1029.45,1041.8,1020.0,123756
15-MAY-2018,1030.0,1041.8,1049.7,1024.0,245651
14-MAY-2018,1038.05,1023.7,1048.9,1020.0,123672
11-MAY-2018,1033.0,1044.9,1052.55,1012.5,292768
10-MAY-2018,1042.0,1024.15,1052.95,1020.0,344596
09-MAY-2018,1072.8,1045.5,1073.75,1041.6,318210
08-MAY-2018,1088.0,1071.6,1088.0,1065.85,319466
07-MAY-2018,1091.5,1080.9,1093.5,1055.05,265231
04-MAY-2018,1070.0,1101.4,1111.0,1061.35,383173
03-MAY-2018,1075.0,1069.3,1080.0,1060.9,262980
02-MAY-2018,1097.0,1080.05,1098.0,1079.0,244124
30-APR-2018,1070.25,1091.0,1099.0,1070.25,119488
27-APR-2018,1080.0,1072.4,1081.95,1066.0,325182
26-APR-2018,1097.0,1076.9,1097.0,1064.25,722867
25-APR-2018,1114.7,1088.25,1114.7,1075.0,417466
24-APR-2018,1133.0,1106.85,1133.0,1101.0,332495
23-APR-2018,1130.1,1132.2,1148.0,1121.65,142729
20-APR-2018,1128.5,1134.0,1143.9,1108.85,364982
19-APR-2018,1084.0,1122.0,1126.9,1080.0,557968
18-APR-2018,1090.0,1076.1,1091.0,1071.0,154437
17-APR-2018,1093.0,1083.45,1094.0,1076.65,118433
16-APR-2018,1082.4,1093.8,1104.35,1069.3,252664
13-APR-2018,1085.1,1082.35,1088.0,1071.0,225161
12-APR-2018,1115.0,1076.0,1118.65,1071.45,344451
11-APR-2018,1097.7,1109.55,1118.55,1086.7,496196
10-APR-2018,1070.0,1086.3,1098.0,1051.6,344748
09-APR-2018,1098.0,1061.1,1098.0,1056.0,276142
06-APR-2018,1085.75,1076.3,1101.0,1071.6,215531
05-APR-2018,1075.0,1083.7,1091.6,1075.0,231441
04-APR-2018,1095.85,1066.95,1104.05,1061.0,622425
03-APR-2018,1092.0,1095.85,1125.0,1084.0,327389
02-APR-2018,1066.0,1098.2,1104.95,1056.0,277903
28-MAR-2018,1030.0,1064.65,1071.1,1020.0,677515
27-MAR-2018,1008.2,1029.85,1042.35,1008.05,384056
26-MAR-2018,1009.0,1005.05,1018.65,993.4,184658
23-MAR-2018,1011.65,1008.35,1016.05,1003.0,209179
22-MAR-2018,1028.0,1022.3,1033.5,1013.3,370697
21-MAR-2018,1049.0,1028.45,1080.0,1026.0,261715
20-MAR-2018,1056.0,1042.8,1059.7,1041.1,545440
19-MAR-2018,1073.0,1056.2,1080.4,1037.2,357297
16-MAR-2018,1094.95,1071.65,1096.25,1065.0,384296
15-MAR-2018,1092.0,1096.0,1115.5,1087.6,186303
14-MAR-2018,1087.7,1090.15,1095.8,1082.95,393419
13-MAR-2018,1130.0,1095.9,1130.5,1090.0,386569
12-MAR-2018,1152.0,1129.65,1153.4,1114.2,278157
09-MAR-2018,1173.7,1149.05,1173.7,1145.8,294431
08-MAR-2018,1150.0,1162.7,1172.4,1143.45,204357
07-MAR-2018,1165.7,1152.35,1183.0,1135.25,498463
06-MAR-2018,1170.1,1160.8,1189.0,1145.0,302547
05-MAR-2018,1184.65,1167.9,1196.6,1161.65,169347
01-MAR-2018,1200.5,1183.5,1210.0,1180.75,166112
28-FEB-2018,1190.2,1203.05,1209.1,1180.35,438159
27-FEB-2018,1246.7,1196.7,1246.7,1192.7,289501
26-FEB-2018,1235.0,1235.55,1263.4,1226.6,484408
23-FEB-2018,1245.0,1231.6,1245.0,1218.55,361498
22-FEB-2018,1195.0,1246.45,1250.0,1195.0,551254
21-FEB-2018,1192.0,1211.2,1219.0,1176.0,640761
20-FEB-2018,1180.0,1199.25,1215.95,1179.95,750134
19-FEB-2018,1152.0,1186.2,1194.8,1148.0,1171614
16-FEB-2018,1235.0,1141.85,1244.2,1122.0,1146020
15-FEB-2018,1191.8,1207.95,1215.9,1160.55,472687
14-FEB-2018,1160.0,1191.8,1200.0,1160.0,287229
12-FEB-2018,1122.0,1151.55,1165.0,1120.05,580640
09-FEB-2018,1110.0,1122.7,1132.25,1108.05,236165
08-FEB-2018,1132.0,1131.8,1157.05,1115.8,355444
07-FEB-2018,1159.7,1132.7,1159.7,1121.9,368495
06-FEB-2018,1114.0,1140.9,1158.4,1086.35,747984
05-FEB-2018,1144.5,1129.55,1160.8,1125.85,276192
02-FEB-2018,1209.95,1156.95,1209.95,1140.0,435779
01-FEB-2018,1165.0,1218.55,1224.55,1160.3,1036405
31-JAN-2018,1135.0,1162.8,1173.85,1135.0,495268
30-JAN-2018,1136.0,1140.05,1148.95,1119.0,158413
29-JAN-2018,1144.0,1138.7,1148.0,1127.0,255731
25-JAN-2018,1117.0,1133.7,1138.5,1108.0,327271
24-JAN-2018,1146.5,1110.8,1152.2,1105.9,791316
23-JAN-2018,1173.0,1146.5,1175.0,1142.05,229030
22-JAN-2018,1148.0,1168.8,1172.0,1141.95,246204
19-JAN-2018,1116.0,1139.4,1144.0,1115.9,152932
18-JAN-2018,1132.0,1116.45,1134.5,1106.05,187463
17-JAN-2018,1140.0,1125.7,1143.3,1118.35,219833
16-JAN-2018,1184.0,1147.2,1184.0,1138.65,161108
15-JAN-2018,1175.8,1179.45,1182.35,1167.85,155322
12-JAN-2018,1178.45,1163.35,1182.65,1160.0,145921
11-JAN-2018,1175.75,1172.4,1194.0,1170.0,243414
10-JAN-2018,1174.0,1172.15,1180.0,1158.9,136692
09-JAN-2018,1189.0,1172.35,1190.75,1170.0,125593
08-JAN-2018,1192.0,1180.7,1209.0,1175.1,505510
05-JAN-2018,1168.0,1196.3,1199.0,1160.0,232491
04-JAN-2018,1185.0,1160.1,1188.45,1156.75,263585
03-JAN-2018,1195.0,1176.5,1203.95,1173.0,261936
02-JAN-2018,1205.0,1191.95,1212.0,1186.5,211424
01-JAN-2018,1216.0,1202.55,1216.0,1199.1,117565
29-DEC-2017,1230.0,1204.8,1230.0,1200.15,183120
28-DEC-2017,1201.2,1232.25,1242.0,1200.0,706961
27-DEC-2017,1187.0,1200.05,1203.0,1176.1,460519
26-DEC-2017,1180.0,1179.6,1192.9,1168.4,172183
22-DEC-2017,1195.0,1178.55,1208.0,1174.65,214258
21-DEC-2017,1176.65,1193.35,1202.25,1161.3,359699
20-DEC-2017,1178.0,1173.65,1190.4,1168.5,201152
19-DEC-2017,1173.5,1174.7,1188.0,1156.1,334631
18-DEC-2017,1198.5,1172.85,1200.8,1161.75,307113
15-DEC-2017,1206.9,1198.1,1214.95,1178.55,317833
14-DEC-2017,1183.95,1206.9,1210.0,1183.95,763305
13-DEC-2017,1188.8,1183.6,1192.85,1174.0,259342
12-DEC-2017,1199.85,1190.2,1201.95,1176.4,741336
11-DEC-2017,1190.0,1190.1,1209.0,1186.0,545253
08-DEC-2017,1182.0,1190.7,1194.0,1173.05,540714
07-DEC-2017,1150.5,1172.5,1175.6,1150.0,588537
06-DEC-2017,1156.5,1154.5,1165.0,1147.0,699351
05-DEC-2017,1156.45,1166.1,1179.9,1143.15,860512
04-DEC-2017,1147.0,1156.45,1164.3,1130.6,449257
01-DEC-2017,1117.95,1148.25,1153.1,1116.1,706026
30-NOV-2017,1110.0,1106.3,1124.0,1085.35,6939736
29-NOV-2017,1103.0,1106.1,1121.6,1097.3,704071
28-NOV-2017,1132.4,1109.2,1167.15,1091.0,982931
27-NOV-2017,1135.15,1132.0,1140.0,1118.1,507563
24-NOV-2017,1130.0,1145.2,1153.0,1121.0,333025
23-NOV-2017,1149.0,1139.55,1149.0,1125.85,471973
22-NOV-2017,1110.0,1149.5,1157.0,1110.0,1421476
21-NOV-2017,1068.55,1107.8,1128.0,1060.0,1478626
20-NOV-2017,1058.4,1059.6,1063.3,1037.55,374408
17-NOV-2017,1027.4,1054.85,1067.0,1023.8,657736
16-NOV-2017,1007.1,1022.05,1026.75,998.0,594917
15-NOV-2017,991.0,997.75,1002.35,990.0,274673
14-NOV-2017,999.0,985.95,1012.2,957.15,1080449
13-NOV-2017,1008.85,996.65,1019.0,983.15,602133
10-NOV-2017,995.0,1000.25,1016.8,994.7,356813
09-NOV-2017,996.0,995.7,1000.0,987.8,488527
08-NOV-2017,1009.9,989.0,1009.9,975.55,297319
07-NOV-2017,1020.0,1003.05,1020.9,1001.0,187484
06-NOV-2017,1016.0,1012.25,1022.45,1010.0,265461
03-NOV-2017,1030.0,1022.7,1044.0,1016.1,256989
02-NOV-2017,1029.2,1032.85,1045.0,1029.0,123536
01-NOV-2017,1044.85,1033.85,1044.85,1021.2,465171
31-OCT-2017,1035.0,1038.55,1045.0,1033.35,169921
30-OCT-2017,1036.95,1031.55,1039.75,1022.55,135511
27-OCT-2017,1026.5,1026.55,1045.0,1022.35,196083
26-OCT-2017,1032.0,1023.1,1045.8,1020.0,187034
25-OCT-2017,1057.5,1034.15,1065.95,1031.0,324021
24-OCT-2017,1066.95,1057.3,1072.0,1052.5,172262
23-OCT-2017,1056.0,1062.45,1076.5,1045.1,191956
19-OCT-2017,1062.95,1058.1,1063.95,1054.2,14784
18-OCT-2017,1069.9,1063.35,1077.65,1060.9,91975
17-OCT-2017,1082.0,1070.2,1083.0,1065.6,126262
16-OCT-2017,1076.85,1081.65,1088.1,1071.5,257489
13-OCT-2017,1070.15,1075.7,1086.05,1068.0,387681
12-OCT-2017,1077.0,1073.75,1090.0,1071.0,418779
11-OCT-2017,1096.0,1076.6,1097.25,1073.4,343484
10-OCT-2017,1053.5,1088.3,1093.0,1053.5,481349
09-OCT-2017,1063.5,1052.45,1080.0,1050.0,116350
06-OCT-2017,1095.0,1063.5,1095.0,1060.0,197203
05-OCT-2017,1048.95,1080.55,1094.95,1046.0,619003
04-OCT-2017,1058.0,1049.25,1059.95,1032.4,371380
03-OCT-2017,1011.5,1053.35,1058.0,1011.5,580476
29-SEP-2017,997.7,1005.0,1026.85,987.0,282914
28-SEP-2017,1006.0,992.4,1013.85,985.9,399760
27-SEP-2017,1017.0,1005.7,1017.0,997.65,290896
26-SEP-2017,1005.35,1010.9,1024.45,1005.35,481307
25-SEP-2017,1032.1,1009.45,1032.1,999.0,382754
22-SEP-2017,1059.0,1034.7,1059.0,1032.0,280377
21-SEP-2017,1066.5,1061.15,1077.5,1057.5,221528
20-SEP-2017,1060.0,1066.4,1071.7,1057.15,233776
19-SEP-2017,1065.0,1057.35,1066.95,1050.0,275698
18-SEP-2017,1062.75,1060.3,1073.5,1057.8,199046
15-SEP-2017,1064.1,1061.05,1075.7,1054.95,381823
14-SEP-2017,1068.15,1063.1,1076.0,1048.0,1533039
13-SEP-2017,1094.6,1070.1,1098.8,1067.0,492432
12-SEP-2017,1097.5,1094.6,1109.4,1089.5,311737
11-SEP-2017,1098.8,1095.65,1106.95,1089.0,74150
08-SEP-2017,1102.0,1093.05,1109.15,1090.0,171607
07-SEP-2017,1100.3,1104.85,1112.9,1095.8,380813
06-SEP-2017,1099.9,1098.25,1108.0,1082.0,294714
05-SEP-2017,1119.9,1102.9,1122.2,1097.0,465730
04-SEP-2017,1099.0,1111.75,1117.4,1086.55,336154
01-SEP-2017,1095.0,1090.55,1095.0,1080.95,127477
31-AUG-2017,1091.0,1082.6,1092.5,1075.2,642601
30-AUG-2017,1077.0,1092.5,1104.95,1077.0,409962
29-AUG-2017,1092.0,1077.05,1092.0,1067.65,210879
28-AUG-2017,1091.35,1092.65,1105.0,1085.0,224857
24-AUG-2017,1093.0,1083.2,1099.45,1073.6,399263
23-AUG-2017,1109.0,1092.6,1135.0,1082.75,1081455
22-AUG-2017,1058.0,1098.5,1105.0,1056.55,1028554
21-AUG-2017,1078.0,1051.3,1081.2,1049.9,629596
18-AUG-2017,1076.0,1068.25,1097.05,1057.0,1455258
17-AUG-2017,1149.65,1101.45,1150.05,1067.0,1613900
16-AUG-2017,1174.1,1159.45,1179.95,1154.0,478904
14-AUG-2017,1231.0,1191.25,1244.8,1185.0,429844
11-AUG-2017,1202.65,1217.25,1240.6,1198.45,179177
10-AUG-2017,1212.0,1213.8,1239.7,1199.2,218907
09-AUG-2017,1259.1,1220.55,1259.1,1210.0,238162
08-AUG-2017,1267.2,1251.05,1280.45,1246.6,182983
07-AUG-2017,1263.4,1268.05,1277.95,1256.0,83444
04-AUG-2017,1267.55,1258.1,1278.75,1250.0,94519
03-AUG-2017,1285.0,1267.55,1290.0,1260.1,230588
02-AUG-2017,1265.6,1277.55,1285.0,1261.5,103463
01-AUG-2017,1260.0,1267.8,1282.55,1260.0,119289
31-JUL-2017,1283.0,1259.0,1302.0,1242.75,230943
28-JUL-2017,1293.85,1273.65,1319.0,1245.1,240157
27-JUL-2017,1298.0,1297.8,1319.95,1285.0,382696
26-JUL-2017,1288.35,1292.75,1312.0,1281.2,249160
25-JUL-2017,1300.0,1294.3,1304.7,1285.0,126466
24-JUL-2017,1267.75,1292.05,1298.0,1267.75,283684
21-JUL-2017,1246.0,1267.75,1272.85,1230.05,383795
20-JUL-2017,1255.0,1233.5,1255.1,1230.75,211523
19-JUL-2017,1254.9,1250.15,1254.9,1243.5,224099
18-JUL-2017,1249.45,1247.75,1255.75,1235.2,137562
17-JUL-2017,1248.0,1238.95,1258.8,1235.55,150672
14-JUL-2017,1242.75,1253.1,1258.7,1242.75,307920
13-JUL-2017,1238.2,1250.0,1253.0,1231.0,186206
12-JUL-2017,1234.4,1230.85,1249.6,1226.0,127282
11-JUL-2017,1251.0,1234.3,1257.75,1231.25,215421
10-JUL-2017,1255.0,1248.85,1260.0,1240.1,48177
07-JUL-2017,1254.4,1247.6,1267.5,1241.2,140507
06-JUL-2017,1275.0,1258.9,1284.25,1254.0,199784
05-JUL-2017,1268.0,1275.0,1281.9,1262.95,237722
04-JUL-2017,1283.0,1272.6,1287.0,1264.75,78102
03-JUL-2017,1266.0,1281.85,1292.9,1266.0,117759
30-JUN-2017,1280.2,1274.55,1305.0,1267.0,205845
29-JUN-2017,1275.0,1278.85,1307.0,1275.0,793401
28-JUN-2017,1279.0,1276.35,1285.1,1261.45,194333
27-JUN-2017,1289.9,1279.6,1289.9,1265.65,296958
23-JUN-2017,1284.8,1280.05,1288.3,1270.3,140512
22-JUN-2017,1284.0,1288.35,1302.0,1279.55,234540
21-JUN-2017,1272.55,1273.8,1284.95,1251.0,217518
20-JUN-2017,1265.0,1266.25,1283.5,1260.2,253281
19-JUN-2017,1296.95,1264.2,1296.95,1260.0,210848
16-JUN-2017,1316.2,1288.85,1316.2,1281.6,292538
15-JUN-2017,1320.0,1301.2,1329.65,1295.05,210713
14-JUN-2017,1338.8,1326.05,1341.55,1313.15,323787
13-JUN-2017,1342.8,1328.5,1352.3,1321.9,197245
12-JUN-2017,1352.5,1341.35,1357.95,1335.45,424218
09-JUN-2017,1309.4,1352.5,1358.0,1309.25,509041
08-JUN-2017,1308.5,1326.5,1334.85,1308.5,384073
07-JUN-2017,1306.65,1307.9,1339.95,1293.6,717411
06-JUN-2017,1279.0,1306.65,1311.5,1259.4,614066
05-JUN-2017,1265.0,1270.95,1277.95,1260.35,312837
02-JUN-2017,1264.9,1264.05,1269.2,1244.05,314510
01-JUN-2017,1203.0,1253.35,1275.75,1201.1,802199
31-MAY-2017,1205.0,1211.1,1215.45,1183.0,770125
30-MAY-2017,1219.0,1207.65,1245.45,1187.3,524881
29-MAY-2017,1226.0,1213.05,1236.2,1206.0,153830
26-MAY-2017,1215.0,1217.35,1232.95,1196.3,272742
25-MAY-2017,1215.0,1205.25,1230.7,1199.95,556828
24-MAY-2017,1227.0,1218.4,1236.3,1210.75,321204
23-MAY-2017,1252.5,1232.15,1263.45,1221.55,448902
22-MAY-2017,1261.0,1261.05,1272.9,1258.0,145220
19-MAY-2017,1251.0,1261.0,1270.6,1246.1,233895
18-MAY-2017,1259.0,1246.4,1271.45,1246.1,7857139
17-MAY-2017,1301.3,1280.2,1314.15,1270.85,344774
16-MAY-2017,1297.3,1309.75,1325.0,1297.0,283881
15-MAY-2017,1309.9,1306.3,1314.2,1295.5,242767
12-MAY-2017,1310.0,1309.2,1319.5,1293.75,144887
11-MAY-2017,1304.9,1320.7,1330.0,1301.7,538718
10-MAY-2017,1289.0,1304.6,1309.05,1275.0,363003
09-MAY-2017,1265.8,1279.05,1289.0,1264.3,361604
08-MAY-2017,1265.0,1266.8,1272.2,1256.05,202470
05-MAY-2017,1236.0,1265.45,1272.0,1236.0,597665
04-MAY-2017,1235.0,1243.5,1251.25,1226.05,283313
03-MAY-2017,1222.0,1223.2,1236.0,1215.75,233195
02-MAY-2017,1235.0,1228.3,1242.0,1215.3,530508
28-APR-2017,1243.0,1233.25,1258.0,1226.05,315690
27-APR-2017,1244.95,1245.4,1270.0,1235.15,1353125
26-APR-2017,1170.0,1217.4,1225.0,1162.3,931424
25-APR-2017,1163.5,1167.75,1170.0,1163.4,154925
24-APR-2017,1167.55,1162.65,1172.9,1160.0,173546
21-APR-2017,1158.0,1167.55,1177.0,1155.35,281126
20-APR-2017,1159.95,1159.4,1164.0,1150.75,342726
19-APR-2017,1169.95,1151.2,1169.95,1148.75,102906
18-APR-2017,1170.5,1165.4,1178.65,1159.5,216089
17-APR-2017,1177.0,1175.05,1179.9,1166.0,124892
13-APR-2017,1164.0,1175.55,1185.0,1164.0,326016
12-APR-2017,1186.0,1172.55,1186.0,1162.2,300890
11-APR-2017,1186.85,1181.95,1186.95,1171.2,346748
10-APR-2017,1171.8,1174.85,1178.9,1151.2,263634
07-APR-2017,1144.0,1162.1,1182.9,1131.2,642531
06-APR-2017,1151.0,1145.2,1158.3,1138.0,344716
05-APR-2017,1181.0,1159.85,1182.0,1154.05,570139
03-APR-2017,1170.0,1172.8,1185.0,1170.0,466859
31-MAR-2017,1155.25,1165.15,1173.9,1155.25,550326
30-MAR-2017,1151.0,1155.75,1172.2,1149.95,709342
29-MAR-2017,1161.0,1151.45,1170.0,1146.15,391444
28-MAR-2017,1160.0,1158.2,1169.0,1151.15,449855
27-MAR-2017,1180.0,1165.2,1186.4,1162.5,237568
24-MAR-2017,1180.0,1178.5,1182.25,1176.0,210816
23-MAR-2017,1194.0,1185.2,1197.8,1182.05,158252
22-MAR-2017,1182.0,1183.5,1185.95,1175.6,360841
21-MAR-2017,1212.95,1194.55,1217.95,1185.1,276008
20-MAR-2017,1219.6,1211.75,1225.2,1206.45,162905
17-MAR-2017,1227.4,1216.2,1233.0,1205.85,257105
16-MAR-2017,1216.0,1226.05,1233.0,1216.0,327363
15-MAR-2017,1200.0,1212.9,1220.35,1195.55,789166
14-MAR-2017,1224.9,1200.05,1224.9,1192.0,528728
10-MAR-2017,1229.8,1205.55,1235.7,1202.6,277582
09-MAR-2017,1250.35,1225.5,1250.4,1222.0,215058
08-MAR-2017,1262.9,1248.95,1262.9,1243.25,154933
07-MAR-2017,1245.0,1260.15,1263.5,1243.1,182547
06-MAR-2017,1255.9,1250.65,1263.35,1239.25,372468
03-MAR-2017,1285.5,1246.4,1288.9,1242.0,11491327
02-MAR-2017,1337.0,1320.55,1337.95,1312.3,128015
01-MAR-2017,1319.75,1325.85,1338.75,1306.15,217624
28-FEB-2017,1307.0,1301.65,1310.0,1276.85,214423
27-FEB-2017,1320.0,1293.05,1332.0,1285.0,274556
23-FEB-2017,1330.9,1323.6,1343.95,1315.0,321408
22-FEB-2017,1294.0,1326.2,1331.3,1292.45,517355
21-FEB-2017,1276.95,1283.9,1293.3,1268.0,201985
20-FEB-2017,1280.0,1278.4,1294.7,1251.0,68660
17-FEB-2017,1260.0,1271.95,1282.0,1244.0,241550
16-FEB-2017,1230.0,1255.45,1258.9,1220.3,148914
15-FEB-2017,1260.0,1231.6,1261.55,1222.6,129756
14-FEB-2017,1211.0,1246.95,1255.0,1189.7,506834
13-FEB-2017,1221.0,1216.85,1234.85,1208.8,162416
10-FEB-2017,1242.5,1226.0,1265.5,1220.0,127799
09-FEB-2017,1235.6,1240.7,1244.75,1228.0,184922
08-FEB-2017,1251.0,1236.2,1275.0,1225.3,219476
07-FEB-2017,1269.6,1257.0,1270.8,1243.0,58065
06-FEB-2017,1280.8,1266.95,1284.9,1255.45,154621
03-FEB-2017,1230.2,1265.15,1271.5,1229.9,224355
02-FEB-2017,1235.3,1230.2,1235.9,1219.45,87560
01-FEB-2017,1231.5,1235.3,1244.0,1226.0,113915
31-JAN-2017,1240.0,1230.05,1245.7,1222.0,136631
30-JAN-2017,1220.5,1239.6,1250.0,1220.5,197401
27-JAN-2017,1225.0,1232.55,1240.0,1222.0,251629
25-JAN-2017,1180.0,1221.85,1226.75,1173.9,394691
24-JAN-2017,1155.8,1174.4,1176.45,1146.0,112195
23-JAN-2017,1157.8,1148.9,1157.8,1137.55,423831
20-JAN-2017,1181.8,1154.7,1181.95,1150.0,129650
19-JAN-2017,1185.0,1179.85,1195.6,1172.1,177150
18-JAN-2017,1167.1,1174.6,1179.7,1160.0,129619
17-JAN-2017,1172.0,1167.1,1183.1,1160.25,175754
16-JAN-2017,1187.4,1176.6,1191.05,1173.3,133225
13-JAN-2017,1206.0,1187.4,1206.0,1185.0,134476
12-JAN-2017,1201.0,1206.0,1216.5,1192.75,129905
11-JAN-2017,1200.1,1199.3,1206.45,1192.0,102818
10-JAN-2017,1198.55,1196.9,1206.45,1172.95,106111
09-JAN-2017,1196.1,1190.7,1206.95,1181.1,95226
06-JAN-2017,1210.0,1196.5,1219.3,1188.55,138714
05-JAN-2017,1224.0,1207.25,1230.9,1203.0,122753
04-JAN-2017,1210.0,1220.95,1229.4,1207.4,167158
03-JAN-2017,1190.0,1205.45,1210.75,1178.4,118476
02-JAN-2017,1180.0,1189.2,1190.95,1171.0,65245
30-DEC-2016,1170.0,1179.9,1185.0,1169.55,108026
29-DEC-2016,1155.0,1160.15,1164.0,1142.5,173151
28-DEC-2016,1146.8,1155.0,1163.75,1145.05,150297
27-DEC-2016,1124.5,1141.1,1145.0,1117.9,122414
26-DEC-2016,1135.0,1126.0,1136.75,1111.6,129792
23-DEC-2016,1160.0,1136.4,1160.0,1132.15,210102
22-DEC-2016,1185.0,1159.3,1185.0,1155.0,143555
21-DEC-2016,1180.0,1179.85,1193.7,1164.0,182246
20-DEC-2016,1191.05,1179.8,1202.0,1176.55,225371
19-DEC-2016,1213.0,1195.6,1213.1,1191.0,163836
16-DEC-2016,1210.0,1215.85,1225.5,1192.1,206152
15-DEC-2016,1230.0,1207.55,1237.3,1204.0,122873
14-DEC-2016,1235.0,1238.0,1252.0,1229.95,111709
13-DEC-2016,1239.9,1237.7,1242.0,1222.85,71030
12-DEC-2016,1224.0,1226.5,1236.9,1215.5,49462
09-DEC-2016,1225.0,1225.1,1230.6,1215.0,72551
08-DEC-2016,1231.0,1224.1,1236.65,1219.0,116515
07-DEC-2016,1221.1,1226.15,1232.0,1218.0,116776
06-DEC-2016,1204.0,1218.0,1227.0,1198.0,127886
05-DEC-2016,1210.0,1198.9,1212.45,1190.1,269574
02-DEC-2016,1209.95,1197.95,1227.95,1195.05,186602
01-DEC-2016,1193.0,1207.2,1221.1,1190.0,177639
30-NOV-2016,1220.0,1195.3,1234.75,1188.95,513631
29-NOV-2016,1243.0,1225.3,1244.0,1218.75,269253
28-NOV-2016,1208.0,1236.85,1244.95,1202.0,173989
25-NOV-2016,1219.0,1202.8,1223.95,1193.0,135157
24-NOV-2016,1181.1,1232.6,1299.0,1172.5,335857
23-NOV-2016,1187.0,1190.35,1195.0,1165.65,212501
22-NOV-2016,1150.0,1178.6,1187.95,1150.0,263843
21-NOV-2016,1196.0,1147.65,1205.0,1142.35,280192
18-NOV-2016,1177.0,1196.25,1206.75,1161.0,160168
17-NOV-2016,1175.0,1168.75,1200.0,1160.5,181797
16-NOV-2016,1213.0,1172.05,1215.0,1166.0,302184
15-NOV-2016,1260.0,1189.55,1260.0,1173.3,410902
11-NOV-2016,1299.0,1265.75,1299.0,1260.0,202269
10-NOV-2016,1318.0,1304.8,1331.0,1292.0,124982
09-NOV-2016,1214.0,1296.75,1311.0,1201.0,164165
08-NOV-2016,1284.95,1279.15,1296.0,1272.4,317694
07-NOV-2016,1300.0,1280.55,1313.45,1270.05,96398
04-NOV-2016,1285.0,1285.6,1295.0,1255.0,126910
03-NOV-2016,1299.9,1279.45,1299.9,1276.5,229850
02-NOV-2016,1321.0,1301.35,1325.0,1300.0,132149
01-NOV-2016,1344.95,1337.8,1351.1,1332.0,87648
30-OCT-2016,1339.95,1341.15,1343.0,1333.3,7331
28-OCT-2016,1332.55,1340.0,1342.5,1328.5,61241
27-OCT-2016,1327.75,1331.1,1334.2,1314.65,58572
26-OCT-2016,1321.85,1328.75,1333.15,1312.75,81388
25-OCT-2016,1330.0,1320.4,1331.5,1318.05,122050
24-OCT-2016,1370.0,1323.5,1372.5,1319.55,327825
21-OCT-2016,1354.0,1370.15,1378.0,1354.0,113541
20-OCT-2016,1369.8,1353.75,1375.9,1350.05,99224
19-OCT-2016,1390.0,1365.2,1393.4,1360.0,147752
18-OCT-2016,1349.0,1378.15,1382.5,1338.0,191501
17-OCT-2016,1334.3,1349.05,1351.5,1322.7,158014
14-OCT-2016,1347.95,1327.45,1357.0,1320.6,222752
13-OCT-2016,1347.45,1346.5,1350.05,1329.0,228691
10-OCT-2016,1319.95,1344.05,1350.0,1319.85,67070
07-OCT-2016,1340.0,1319.6,1340.0,1315.0,180271
06-OCT-2016,1345.0,1338.85,1348.45,1332.5,110326
05-OCT-2016,1361.9,1343.8,1363.5,1324.5,250901
04-OCT-2016,1344.0,1357.15,1363.45,1335.15,120626
03-OCT-2016,1333.1,1343.0,1350.0,1311.65,145959
30-SEP-2016,1320.1,1313.4,1331.0,1290.0,259945
29-SEP-2016,1355.1,1336.0,1366.9,1327.55,290220
28-SEP-2016,1361.55,1359.1,1370.75,1347.0,210283
27-SEP-2016,1351.0,1357.85,1361.5,1335.85,151778
26-SEP-2016,1341.0,1336.95,1342.9,1327.0,158922
23-SEP-2016,1344.75,1339.25,1347.65,1324.0,239458
22-SEP-2016,1318.7,1342.0,1345.0,1318.7,341784
21-SEP-2016,1299.8,1311.85,1317.9,1298.6,250010
20-SEP-2016,1296.0,1297.35,1311.0,1290.0,163986
19-SEP-2016,1302.0,1300.25,1313.5,1290.0,139657
16-SEP-2016,1284.5,1305.5,1319.85,1273.25,339922
15-SEP-2016,1298.5,1278.9,1299.95,1273.0,278462
14-SEP-2016,1305.0,1294.5,1314.0,1286.7,212815
12-SEP-2016,1345.0,1312.95,1349.9,1307.1,206870
09-SEP-2016,1363.15,1353.1,1365.75,1348.1,129028
08-SEP-2016,1376.75,1364.3,1385.5,1358.0,202360
07-SEP-2016,1410.0,1376.75,1414.95,1372.0,257776
06-SEP-2016,1374.7,1404.9,1408.0,1372.0,244571
02-SEP-2016,1358.0,1374.25,1378.0,1347.0,212780
01-SEP-2016,1352.0,1356.7,1373.0,1345.75,409739
31-AUG-2016,1350.0,1349.95,1369.0,1345.95,374014
30-AUG-2016,1339.2,1342.25,1349.5,1336.7,140266
29-AUG-2016,1347.9,1341.3,1356.95,1328.1,116272
26-AUG-2016,1355.5,1352.0,1363.4,1343.95,100278
25-AUG-2016,1357.95,1355.5,1364.85,1348.0,165854
24-AUG-2016,1345.0,1357.95,1365.0,1345.0,165437
23-AUG-2016,1375.0,1353.9,1375.0,1348.1,172803
22-AUG-2016,1396.55,1373.8,1404.8,1370.0,156224
19-AUG-2016,1395.0,1392.85,1405.7,1387.05,82979
18-AUG-2016,1413.0,1399.75,1417.45,1395.2,109024
17-AUG-2016,1414.9,1412.55,1422.85,1403.4,141459
16-AUG-2016,1424.6,1412.2,1432.95,1400.0,221890
12-AUG-2016,1384.3,1415.7,1423.0,1379.2,316873
11-AUG-2016,1383.0,1382.65,1392.0,1365.9,131800
10-AUG-2016,1406.5,1380.45,1410.7,1373.6,122331
09-AUG-2016,1406.9,1402.35,1443.0,1384.0,268271
08-AUG-2016,1362.45,1405.35,1410.0,1360.0,221666
05-AUG-2016,1368.0,1362.45,1368.0,1342.5,133991
04-AUG-2016,1341.0,1358.5,1365.05,1337.0,151809
03-AUG-2016,1360.0,1340.2,1368.0,1336.55,82995
02-AUG-2016,1374.9,1361.5,1388.9,1356.0,147724
01-AUG-2016,1363.5,1373.6,1379.0,1363.0,126523
29-JUL-2016,1348.7,1361.9,1365.0,1342.15,107074
28-JUL-2016,1357.1,1347.95,1362.8,1341.0,374325
27-JUL-2016,1355.0,1357.1,1372.5,1341.0,179374
26-JUL-2016,1353.0,1355.0,1361.45,1347.25,80600
25-JUL-2016,1335.0,1352.95,1354.9,1321.1,125998
22-JUL-2016,1340.15,1334.2,1343.95,1329.6,76202
21-JUL-2016,1333.7,1333.0,1350.0,1328.0,236119
20-JUL-2016,1342.0,1333.45,1343.15,1327.05,218106
19-JUL-2016,1368.0,1341.4,1368.0,1331.5,252487
18-JUL-2016,1376.0,1361.7,1383.0,1359.1,90889
15-JUL-2016,1376.7,1379.45,1383.9,1368.55,158804
14-JUL-2016,1390.0,1370.8,1390.0,1368.0,120880
13-JUL-2016,1382.0,1390.95,1396.0,1375.0,188248
12-JUL-2016,1363.4,1378.7,1382.0,1358.5,135544
11-JUL-2016,1375.0,1361.95,1380.05,1356.9,143710
08-JUL-2016,1367.0,1370.2,1389.25,1363.3,232027
07-JUL-2016,1312.1,1357.25,1364.4,1312.1,142705
05-JUL-2016,1342.95,1345.3,1350.0,1330.55,99081
04-JUL-2016,1335.0,1343.5,1348.0,1330.05,113802
01-JUL-2016,1316.0,1329.85,1339.0,1314.55,194781
30-JUN-2016,1316.0,1315.5,1324.9,1307.25,239072
29-JUN-2016,1325.0,1315.7,1325.75,1310.2,129610
28-JUN-2016,1304.3,1319.15,1325.95,1303.25,231423
27-JUN-2016,1291.3,1302.85,1313.05,1291.3,174336
24-JUN-2016,1288.9,1306.05,1309.95,1267.85,139827
23-JUN-2016,1305.0,1303.1,1307.9,1293.05,119245
22-JUN-2016,1311.8,1306.35,1311.8,1291.25,101446
21-JUN-2016,1309.0,1307.2,1317.85,1303.0,114652
20-JUN-2016,1280.0,1300.05,1305.0,1280.0,120646
17-JUN-2016,1319.0,1294.95,1320.2,1290.0,335605
16-JUN-2016,1320.0,1307.6,1326.6,1303.05,263697
15-JUN-2016,1332.0,1322.35,1337.3,1315.0,239179
14-JUN-2016,1320.0,1325.7,1328.0,1309.35,164119
13-JUN-2016,1351.25,1318.7,1353.45,1313.1,219740
10-JUN-2016,1388.9,1355.3,1388.9,1340.45,301458
09-JUN-2016,1367.0,1388.55,1394.4,1352.65,216724
08-JUN-2016,1353.0,1360.8,1378.5,1348.0,270174
07-JUN-2016,1355.0,1349.65,1362.7,1342.45,156744
06-JUN-2016,1365.0,1354.05,1365.0,1342.7,112677
03-JUN-2016,1403.25,1366.5,1408.95,1360.1,223031
02-JUN-2016,1410.0,1401.4,1414.0,1391.15,149565
01-JUN-2016,1376.0,1413.45,1418.0,1369.1,281108
31-MAY-2016,1405.0,1369.1,1405.0,1346.25,519143
30-MAY-2016,1348.75,1399.05,1406.4,1348.2,338648
27-MAY-2016,1339.5,1348.2,1357.4,1336.0,112823
26-MAY-2016,1349.0,1345.9,1356.8,1337.35,168898
25-MAY-2016,1367.9,1339.9,1369.9,1322.5,362778
24-MAY-2016,1369.95,1360.6,1369.95,1341.0,152475
23-MAY-2016,1335.0,1358.6,1363.3,1334.85,192837
20-MAY-2016,1317.55,1329.2,1343.0,1312.55,175391
19-MAY-2016,1359.0,1321.0,1364.9,1311.0,102928
18-MAY-2016,1335.0,1356.85,1358.4,1328.0,149865
17-MAY-2016,1347.0,1338.15,1364.0,1332.85,215961
16-MAY-2016,1330.0,1343.85,1346.35,1325.7,259988
13-MAY-2016,1332.0,1323.55,1332.0,1311.45,110336
12-MAY-2016,1325.0,1322.6,1328.6,1310.1,149049
11-MAY-2016,1293.95,1320.3,1322.9,1290.0,270580
10-MAY-2016,1343.0,1301.0,1345.0,1296.0,395379
09-MAY-2016,1342.1,1336.5,1345.0,1328.0,240658
06-MAY-2016,1296.65,1332.6,1336.95,1288.4,214154
05-MAY-2016,1312.0,1301.8,1313.55,1292.35,115007
04-MAY-2016,1285.0,1306.65,1310.0,1280.0,214814
03-MAY-2016,1314.0,1294.0,1324.0,1290.05,271266
02-MAY-2016,1303.0,1306.55,1315.35,1293.05,138461
29-APR-2016,1314.1,1312.15,1324.25,1296.2,181374
28-APR-2016,1325.0,1313.15,1325.0,1295.0,409825
27-APR-2016,1329.9,1316.8,1339.0,1310.05,231338
26-APR-2016,1319.0,1326.05,1329.85,1305.15,239769
25-APR-2016,1356.0,1325.15,1369.0,1320.05,235523
22-APR-2016,1370.0,1358.35,1390.0,1356.0,193174
21-APR-2016,1401.45,1376.25,1401.45,1366.2,311154
20-APR-2016,1368.5,1386.4,1391.45,1363.75,309626
18-APR-2016,1350.75,1361.35,1366.0,1337.0,274622
13-APR-2016,1350.1,1348.1,1363.0,1340.65,189753
12-APR-2016,1350.0,1349.25,1358.5,1345.6,153608
11-APR-2016,1358.0,1352.9,1382.4,1346.1,220906
08-APR-2016,1350.4,1370.65,1380.0,1343.0,413123
07-APR-2016,1350.0,1354.5,1372.1,1346.4,108498
06-APR-2016,1342.0,1349.15,1356.4,1335.25,71835
05-APR-2016,1352.7,1347.25,1368.0,1340.5,124200
04-APR-2016,1356.0,1354.35,1364.85,1340.5,145809
01-APR-2016,1337.0,1348.95,1353.0,1324.0,192858
31-MAR-2016,1315.0,1329.3,1347.0,1292.0,490746
30-MAR-2016,1341.2,1320.85,1349.95,1305.0,285966
29-MAR-2016,1360.0,1336.85,1367.85,1328.4,229900
28-MAR-2016,1398.4,1375.05,1406.4,1367.05,128023
23-MAR-2016,1382.0,1392.15,1411.3,1382.0,188225
22-MAR-2016,1401.9,1389.9,1421.0,1380.5,287944
21-MAR-2016,1400.0,1401.3,1415.0,1379.6,399776
18-MAR-2016,1379.3,1396.4,1400.55,1354.85,256494
17-MAR-2016,1374.9,1382.9,1391.4,1367.25,206801
16-MAR-2016,1355.5,1360.0,1368.0,1324.0,284410
15-MAR-2016,1408.3,1354.2,1408.9,1350.0,190320
14-MAR-2016,1425.0,1408.3,1426.35,1398.6,117752
11-MAR-2016,1404.0,1414.8,1423.9,1401.0,198719
10-MAR-2016,1399.9,1404.05,1425.0,1390.05,296303
09-MAR-2016,1405.2,1394.1,1405.2,1376.85,431486
08-MAR-2016,1410.0,1408.05,1412.95,1391.6,185424
04-MAR-2016,1435.0,1410.1,1437.0,1380.0,345879
03-MAR-2016,1489.0,1428.8,1500.35,1418.3,462370
02-MAR-2016,1510.0,1497.85,1544.9,1490.25,370595
01-MAR-2016,1479.0,1497.2,1499.0,1475.2,255374
29-FEB-2016,1439.9,1463.85,1483.5,1416.6,251871
26-FEB-2016,1450.0,1433.6,1455.0,1426.05,81389
25-FEB-2016,1433.0,1444.7,1457.6,1433.0,151914
24-FEB-2016,1437.25,1438.65,1460.0,1424.9,175968
23-FEB-2016,1425.0,1437.25,1445.95,1420.05,108844
22-FEB-2016,1426.0,1428.1,1449.9,1407.0,91313
19-FEB-2016,1425.5,1428.7,1439.45,1415.0,116095
18-FEB-2016,1430.0,1429.9,1452.95,1420.0,163690
17-FEB-2016,1420.05,1421.8,1433.6,1370.0,178587
16-FEB-2016,1441.5,1424.2,1455.0,1413.0,127262
15-FEB-2016,1425.0,1444.6,1471.2,1385.0,295431
12-FEB-2016,1425.1,1404.65,1433.0,1340.0,362415
11-FEB-2016,1430.0,1422.8,1459.9,1413.85,92229
10-FEB-2016,1425.0,1447.0,1456.6,1421.7,214115
09-FEB-2016,1435.0,1435.2,1453.8,1420.1,94810
08-FEB-2016,1448.0,1453.6,1471.0,1433.0,104129
05-FEB-2016,1434.0,1455.95,1460.95,1415.1,127527
04-FEB-2016,1510.0,1421.95,1510.0,1412.0,239809
03-FEB-2016,1419.95,1484.55,1497.85,1410.05,290952
02-FEB-2016,1506.9,1434.3,1525.0,1424.6,282208
01-FEB-2016,1482.0,1498.4,1507.2,1470.0,216940
29-JAN-2016,1419.9,1473.0,1485.75,1416.0,318543
28-JAN-2016,1399.0,1409.35,1424.65,1380.45,186359
27-JAN-2016,1446.0,1392.0,1446.0,1387.8,228839
25-JAN-2016,1407.0,1421.1,1428.9,1400.95,113996
22-JAN-2016,1377.0,1402.15,1411.0,1371.05,159715
21-JAN-2016,1379.0,1367.85,1385.45,1359.1,189511
20-JAN-2016,1409.0,1359.3,1435.0,1345.1,477896
19-JAN-2016,1365.6,1408.5,1420.0,1349.05,150741
18-JAN-2016,1356.35,1350.1,1382.25,1343.05,170876
15-JAN-2016,1378.6,1364.25,1398.5,1359.0,121314
14-JAN-2016,1355.4,1376.8,1394.7,1338.1,114952
13-JAN-2016,1364.4,1365.35,1395.85,1330.8,165141
12-JAN-2016,1360.35,1361.45,1373.4,1351.0,117095
11-JAN-2016,1405.0,1360.85,1409.1,1355.0,189400
08-JAN-2016,1400.05,1404.55,1418.05,1386.55,168754
07-JAN-2016,1431.0,1396.65,1450.0,1380.2,184861
06-JAN-2016,1455.0,1455.35,1480.0,1445.1,233987
05-JAN-2016,1451.0,1468.5,1497.7,1432.4,667535
04-JAN-2016,1450.4,1450.1,1470.0,1445.0,121226
01-JAN-2016,1458.5,1460.8,1480.0,1449.0,107024
